16 0.515057 0.228809 0.122534 0.0301612 
16 0.575286 0.291212 0.109034 0.0405616 
16 0.420561 0.168487 0.126687 0.0364015 
16 0.334372 0.193448 0.13188 0.0364015 
16 0.143302 0.164327 0.132918 0.0655226 
16 0.37487 0.301612 0.114226 0.0572023 
16 0.254413 0.264171 0.141225 0.0613625 
16 0.128764 0.320333 0.13811 0.0613625 
16 0.203531 0.428497 0.133956 0.0551222 
16 0.353063 0.395216 0.128764 0.0426417 
16 0.566978 0.359854 0.116303 0.026001 
16 0.507788 0.413937 0.122534 0.0322413 
16 0.579439 0.443058 0.114226 0.0343214 
16 0.541018 0.5117 0.122534 0.0343214 
16 0.452752 0.49506 0.125649 0.0384815 
16 0.296989 0.49714 0.13811 0.0530421 
