16 0.557462 0.474259 0.113365 0.0343214 
16 0.555382 0.334893 0.105044 0.0426417 
16 0.50546 0.289132 0.109204 0.0384815 
16 0.411856 0.264171 0.0821633 0.0613625 
16 0.326573 0.25377 0.134165 0.0364015 
16 0.445138 0.355694 0.115445 0.0343214 
16 0.515861 0.416017 0.105044 0.0405616 
16 0.420177 0.449298 0.117525 0.0384815 
16 0.357774 0.407696 0.130005 0.050962 
16 0.212168 0.341134 0.152886 0.0634425 
16 0.264171 0.470099 0.140406 0.0468019 
16 0.133125 0.447218 0.127925 0.0592824 
16 0.451378 0.557462 0.115445 0.0364015 
16 0.386895 0.524181 0.121685 0.0447218 
16 0.299532 0.549142 0.134165 0.0426417 
16 0.214249 0.599064 0.132085 0.0530421 
