16 0.291804 0.151415 0.0735024 0.0727674 
16 0.223447 0.221242 0.0735024 0.0735024 
16 0.226387 0.269754 0.0735024 0.0735024 
16 0.260198 0.329291 0.0712973 0.0712973 
16 0.29695 0.377802 0.0852628 0.0852628 
16 0.289599 0.266814 0.0742374 0.0735024 
16 0.282984 0.201397 0.0735024 0.0727674 
16 0.348401 0.232268 0.0779125 0.0779125 
16 0.358692 0.283719 0.0904079 0.0904079 
16 0.398383 0.391033 0.108049 0.108049 
16 0.437339 0.29989 0.0940831 0.093348 
16 0.491731 0.377802 0.092613 0.092613 
16 0.386623 0.163175 0.0757075 0.0757075 
16 0.401323 0.211687 0.0830577 0.0830577 
16 0.45792 0.242558 0.0882029 0.0882029 
16 0.526277 0.260933 0.091878 0.092613 
