16 0.572023 0.374415 0.0551222 0.0572023 
16 0.515861 0.270411 0.0717629 0.0592824 
16 0.472179 0.316173 0.0821633 0.0426417 
16 0.536661 0.380655 0.0863235 0.0468019 
16 0.434737 0.25169 0.0800832 0.0696828 
16 0.361934 0.235049 0.0800832 0.075923 
16 0.276651 0.203848 0.107124 0.0676027 
16 0.330733 0.299532 0.113365 0.0572023 
16 0.455538 0.376495 0.0925637 0.0613625 
16 0.520021 0.432657 0.0821633 0.050962 
16 0.49714 0.50962 0.0780031 0.0384815 
16 0.376495 0.463859 0.109204 0.0468019 
16 0.299532 0.388976 0.134165 0.0696828 
16 0.170567 0.426417 0.115445 0.0863235 
16 0.280811 0.50754 0.0780031 0.0780031 
16 0.411856 0.551222 0.100884 0.0696828 
