16 0.293292 0.57217 0.0572023 0.0560748 
16 0.396256 0.517134 0.0603224 0.0716511 
16 0.350494 0.471443 0.0436817 0.0820353 
16 0.284971 0.535826 0.0468019 0.086189 
16 0.416017 0.435099 0.0707228 0.0809969 
16 0.431617 0.362409 0.074883 0.0809969 
16 0.463859 0.27622 0.0676027 0.106957 
16 0.368175 0.330218 0.0561622 0.113188 
16 0.291212 0.454829 0.0603224 0.0924195 
16 0.232969 0.519211 0.050962 0.0809969 
16 0.157046 0.496366 0.0395216 0.0778816 
16 0.202808 0.377985 0.0478419 0.109034 
16 0.278731 0.301142 0.0686427 0.133956 
16 0.24129 0.170301 0.0852834 0.114226 
16 0.160166 0.280374 0.0790432 0.0778816 
16 0.116485 0.413292 0.0707228 0.100727 
