16 0.194781 0.433664 0.0558618 0.0565968 
16 0.273429 0.457185 0.0654171 0.0654171 
16 0.273429 0.411613 0.062477 0.062477 
16 0.208747 0.410878 0.0661522 0.0661522 
16 0.324881 0.426314 0.0757075 0.0757075 
16 0.368982 0.396913 0.0771775 0.0779125 
16 0.427049 0.370452 0.0867328 0.0874678 
16 0.352811 0.349871 0.0845278 0.0845278 
16 0.251378 0.373392 0.0757075 0.0764425 
16 0.191106 0.376332 0.0661522 0.0654171 
16 0.164645 0.326351 0.0588019 0.0580669 
16 0.246968 0.290334 0.0786476 0.0779125 
16 0.323411 0.289599 0.100698 0.100698 
16 0.368982 0.205807 0.0992282 0.0999632 
16 0.274164 0.220507 0.0779125 0.0786476 
16 0.185961 0.264609 0.0852628 0.0852628 
