16 0.108164 0.193448 0.113365 0.0322413 
16 0.110244 0.330733 0.105044 0.0426417 
16 0.162246 0.376495 0.109204 0.0384815 
16 0.25585 0.403536 0.0821633 0.0613625 
16 0.341134 0.416017 0.134165 0.0364015 
16 0.222569 0.312012 0.115445 0.0322413 
16 0.151846 0.25377 0.107124 0.0405616 
16 0.24753 0.218409 0.119605 0.0364015 
16 0.307852 0.26001 0.130005 0.0530421 
16 0.455538 0.326573 0.150806 0.0655226 
16 0.403536 0.195528 0.142486 0.0468019 
16 0.536661 0.220489 0.127925 0.0572023 
16 0.216329 0.110244 0.117525 0.0343214 
16 0.280811 0.143526 0.119605 0.0468019 
16 0.366095 0.118565 0.134165 0.0426417 
16 0.453458 0.0686427 0.132085 0.0530421 
