16 0.371922 0.191106 0.0764425 0.0771775 
16 0.433664 0.191106 0.0742374 0.0742374 
16 0.29401 0.207277 0.0815877 0.0815877 
16 0.263139 0.263139 0.0837927 0.0837927 
16 0.152885 0.343991 0.0992282 0.0992282 
16 0.338111 0.29695 0.0859978 0.0859978 
16 0.258728 0.338111 0.100698 0.100698 
16 0.223447 0.429254 0.0999632 0.0999632 
16 0.31606 0.446159 0.093348 0.0940831 
16 0.374862 0.355017 0.0859978 0.0852628 
16 0.463065 0.230798 0.0712973 0.0712973 
16 0.460125 0.286659 0.0771775 0.0764425 
16 0.511577 0.265344 0.0735024 0.0735024 
16 0.526277 0.319 0.0771775 0.0779125 
16 0.473355 0.355017 0.0815877 0.0823227 
16 0.396178 0.433664 0.0955531 0.0955531 
