16 0.0345679 0.206597 0.0697531 0.0361111 
16 0.0277778 0.310069 0.054321 0.0375 
16 0.124691 0.236806 0.116667 0.034375 
16 0.145679 0.3125 0.119753 0.040625 
16 0.220988 0.313542 0.132716 0.0444444 
16 0.0845679 0.166667 0.118519 0.028125 
16 0.0901235 0.0996528 0.0944444 0.0361111 
16 0.191358 0.0659722 0.108642 0.0385417 
16 0.291358 0.0895833 0.12284 0.040625 
16 0.316049 0.195139 0.126543 0.0510417 
16 0.365432 0.410417 0.12284 0.0454861 
16 0.482716 0.303472 0.117284 0.0503472 
16 0.450617 0.0625 0.121605 0.0541667 
16 0.623457 0.470833 0.0858025 0.0628472 
