16 0.161728 0.379514 0.10679 0.0381944 
16 0.130247 0.329167 0.108642 0.0416667 
16 0.258025 0.404514 0.087037 0.0618056 
16 0.309259 0.371875 0.135802 0.0236111 
16 0.448765 0.344792 0.124691 0.0479167 
16 0.222222 0.311806 0.108642 0.0329861 
16 0.108025 0.265278 0.108642 0.0423611 
16 0.201852 0.239583 0.132099 0.040625 
16 0.292593 0.255903 0.132099 0.04375 
16 0.15679 0.170833 0.104321 0.0402778 
16 0.167901 0.129861 0.0462963 0.059375 
16 0.221605 0.110764 0.116049 0.0347222 
16 0.280247 0.142361 0.12284 0.0461806 
16 0.441358 0.172222 0.130864 0.0524306 
16 0.379012 0.103819 0.123457 0.0409722 
16 0.301235 0.0597222 0.0932099 0.05 
