16 0.111111 0.313194 0.0820988 0.0628472 
16 0.190123 0.379167 0.0925926 0.0503472 
16 0.480864 0.434722 0.0962963 0.0923611 
16 0.389506 0.334028 0.0753086 0.0868056 
16 0.246914 0.309722 0.101852 0.0454861 
16 0.193827 0.197917 0.0919753 0.040625 
16 0.0148148 0.605556 0.0296296 0.0236111 
16 0.203704 0.129861 0.0561728 0.0607639 
16 0.365432 0.0736111 0.115432 0.0336806 
16 0.597531 0.266667 0.135185 0.0829861 
16 0.646296 0.147917 0.0395062 0.0524306 
16 0.00864198 0.58125 0.017284 0.0288194 
