16 0.525926 0.498264 0.130864 0.0645833 
16 0.194444 0.411806 0.119753 0.0413194 
16 0.308642 0.433333 0.114198 0.0496528 
16 0.414815 0.396528 0.132716 0.059375 
16 0.298148 0.349653 0.120988 0.0465278 
16 0.194444 0.338889 0.128395 0.0361111 
16 0.1 0.300694 0.116049 0.0253472 
16 0.539506 0.342361 0.138272 0.0635417 
16 0.433951 0.308681 0.128395 0.0541667 
16 0.317284 0.264931 0.130247 0.0381944 
16 0.196296 0.272917 0.12963 0.0305556 
16 0.119753 0.25 0.110494 0.0368056 
16 0.164198 0.204861 0.132099 0.040625 
16 0.269136 0.195833 0.127778 0.0416667 
16 0.38642 0.154861 0.143827 0.0579861 
16 0.465432 0.232639 0.132099 0.0524306 
