16 0.419699 0.546123 0.0529217 0.0529217 
16 0.474825 0.498346 0.0463065 0.0463065 
16 0.389563 0.486586 0.0757075 0.0757075 
16 0.417494 0.438074 0.0801176 0.0801176 
16 0.379272 0.400588 0.0889379 0.0882029 
16 0.374862 0.541713 0.0735024 0.0735024 
16 0.338846 0.573319 0.0646821 0.0654171 
16 0.270489 0.538773 0.0742374 0.0735024 
16 0.232268 0.476295 0.0815877 0.0815877 
16 0.273429 0.411613 0.0896729 0.0889379 
16 0.355752 0.279309 0.0837927 0.0845278 
16 0.244028 0.274164 0.0837927 0.0837927 
16 0.141125 0.410878 0.0882029 0.0882029 
16 0.257258 0.120544 0.0749724 0.0742374 
