16 0.233003 0.211687 0.0720323 0.0727674 
16 0.239618 0.283719 0.0720323 0.0712973 
16 0.356487 0.457185 0.0940831 0.0940831 
16 0.360897 0.361632 0.0808526 0.0808526 
16 0.302095 0.277839 0.0735024 0.0735024 
16 0.332231 0.196251 0.0668872 0.0661522 
16 0.0389563 0.31018 0.0264609 0.0264609 
16 0.370452 0.166115 0.0588019 0.0580669 
16 0.479236 0.219037 0.0749724 0.0742374 
16 0.499081 0.432194 0.108784 0.108784 
16 0.582139 0.396913 0.0463065 0.0455715 
16 0.0485116 0.29548 0.0227857 0.0227857 
