16 0.50754 0.287051 0.107124 0.0384815 
16 0.536661 0.336973 0.109204 0.0426417 
16 0.409776 0.264171 0.0863235 0.0613625 
16 0.359854 0.297452 0.136245 0.023921 
16 0.220489 0.322413 0.123765 0.048882 
16 0.445138 0.355694 0.109204 0.0343214 
16 0.559542 0.401456 0.109204 0.0426417 
16 0.465939 0.428497 0.132085 0.0405616 
16 0.376495 0.411856 0.132085 0.0447218 
16 0.50962 0.49714 0.105044 0.0405616 
16 0.49922 0.536661 0.0468019 0.0592824 
16 0.445138 0.557462 0.117525 0.0364015 
16 0.386895 0.524181 0.121685 0.0468019 
16 0.226729 0.49506 0.130005 0.0530421 
16 0.289132 0.563703 0.123765 0.0405616 
16 0.366095 0.607384 0.0925637 0.050962 
