16 0.287051 0.161994 0.0384815 0.106957 
16 0.336973 0.130841 0.0426417 0.109034 
16 0.264171 0.258567 0.0613625 0.0872274 
16 0.297452 0.30945 0.023921 0.136033 
16 0.322413 0.44756 0.049922 0.124611 
16 0.355694 0.222222 0.0343214 0.109034 
16 0.401456 0.107996 0.0426417 0.109034 
16 0.428497 0.201454 0.0405616 0.13188 
16 0.411856 0.292835 0.0447218 0.13188 
16 0.49714 0.15784 0.0405616 0.104881 
16 0.536661 0.168224 0.0592824 0.046729 
16 0.557462 0.222222 0.0364015 0.116303 
16 0.524181 0.280374 0.0468019 0.122534 
16 0.49506 0.440291 0.0530421 0.130841 
16 0.563703 0.377985 0.0405616 0.123572 
16 0.607384 0.301142 0.050962 0.0934579 
