16 0.442484 0.396913 0.0727674 0.0727674 
16 0.433664 0.438074 0.0757075 0.0757075 
16 0.406468 0.336641 0.0749724 0.0742374 
16 0.364572 0.327821 0.0801176 0.0801176 
16 0.282249 0.271224 0.0859978 0.0867328 
16 0.377802 0.400588 0.0712973 0.0705623 
16 0.411613 0.480706 0.0757075 0.0757075 
16 0.352811 0.446895 0.0867328 0.0867328 
16 0.315325 0.393238 0.0882029 0.0882029 
16 0.340316 0.504226 0.0720323 0.0727674 
16 0.31459 0.517457 0.0529217 0.0536567 
16 0.277839 0.501286 0.0757075 0.0757075 
16 0.264609 0.455715 0.0845278 0.0845278 
16 0.199926 0.360897 0.091143 0.091143 
16 0.196986 0.426314 0.0823227 0.0823227 
16 0.213157 0.486586 0.0720323 0.0720323 
