16 0.32047 0.155825 0.0977582 0.0977582 
16 0.442484 0.364572 0.0801176 0.0808526 
16 0.396178 0.29695 0.0823227 0.0815877 
16 0.324881 0.261669 0.0970231 0.0962881 
16 0.359427 0.343991 0.0837927 0.0845278 
16 0.405733 0.400588 0.0823227 0.0823227 
16 0.433664 0.467475 0.0705623 0.0712973 
16 0.235208 0.226387 0.100698 0.100698 
16 0.271959 0.29695 0.091878 0.091878 
16 0.30724 0.376332 0.0845278 0.0845278 
16 0.371922 0.432194 0.0808526 0.0801176 
16 0.398383 0.482176 0.0742374 0.0742374 
16 0.354282 0.482176 0.0867328 0.0859978 
16 0.29695 0.434399 0.0845278 0.0852628 
16 0.217567 0.396913 0.100698 0.100698 
16 0.217567 0.319 0.091878 0.091878 
