16 0.49818 0.142264 0.0665627 0.130841 
16 0.410816 0.47352 0.0416017 0.119418 
16 0.432657 0.359294 0.049922 0.114226 
16 0.396256 0.253375 0.0603224 0.132918 
16 0.349454 0.369678 0.0468019 0.121495 
16 0.339054 0.472482 0.0364015 0.128764 
16 0.299532 0.566978 0.026001 0.116303 
16 0.343214 0.128764 0.0655226 0.13811 
16 0.307852 0.234683 0.0551222 0.128764 
16 0.264171 0.349948 0.0384815 0.130841 
16 0.272491 0.471443 0.0312012 0.129803 
16 0.24961 0.548287 0.0374415 0.111111 
16 0.204888 0.502596 0.0416017 0.13188 
16 0.195528 0.398754 0.0426417 0.127726 
16 0.153926 0.282451 0.0582423 0.144341 
16 0.232969 0.203531 0.0530421 0.13188 
