16 0.0353614 0.208008 0.0696828 0.0364015 
16 0.0270411 0.309932 0.0551222 0.0384815 
16 0.124805 0.237129 0.117525 0.0343214 
16 0.145606 0.312012 0.119605 0.0426417 
16 0.220489 0.314093 0.134165 0.0447218 
16 0.0852834 0.166407 0.119605 0.0301612 
16 0.0894436 0.099844 0.0946438 0.0364015 
16 0.191368 0.0665627 0.109204 0.0405616 
16 0.291212 0.0894436 0.121685 0.0426417 
16 0.316173 0.195528 0.127925 0.0530421 
16 0.366095 0.409776 0.123765 0.0468019 
16 0.482579 0.303692 0.117525 0.050962 
16 0.449298 0.0624025 0.121685 0.0551222 
16 0.624025 0.470099 0.0863235 0.0634425 
