16 0.526261 0.49922 0.132085 0.0655226 
16 0.195528 0.411856 0.119605 0.0405616 
16 0.307852 0.432657 0.113365 0.050962 
16 0.413937 0.397296 0.134165 0.0613625 
16 0.297452 0.349454 0.121685 0.0468019 
16 0.195528 0.339054 0.127925 0.0364015 
16 0.099844 0.299532 0.117525 0.026001 
16 0.538742 0.343214 0.138326 0.0655226 
16 0.432657 0.307852 0.130005 0.0551222 
16 0.318253 0.264171 0.132085 0.0384815 
16 0.195528 0.272491 0.130005 0.0301612 
16 0.120645 0.24961 0.111284 0.0384815 
16 0.164327 0.205928 0.132085 0.0405616 
16 0.270411 0.195528 0.127925 0.0426417 
16 0.386895 0.153926 0.144566 0.0592824 
16 0.465939 0.232969 0.132085 0.0530421 
