16 0.112324 0.312012 0.0821633 0.0634425 
16 0.189288 0.378575 0.0925637 0.050962 
16 0.480499 0.434737 0.0967239 0.0925637 
16 0.388976 0.334893 0.075923 0.0863235 
16 0.24545 0.309932 0.100884 0.0447218 
16 0.193448 0.197608 0.0925637 0.0426417 
16 0.0145606 0.605304 0.0301612 0.023921 
16 0.203848 0.131045 0.0572023 0.0613625 
16 0.366095 0.0728029 0.115445 0.0343214 
16 0.596984 0.266251 0.134165 0.0842434 
16 0.644826 0.149766 0.0384815 0.0530421 
16 0.00832033 0.580343 0.0176807 0.0301612 
