16 0.63136 0.461778 0.0695742 0.0364015 
16 0.639668 0.357774 0.0550363 0.0384815 
16 0.542056 0.430577 0.117342 0.0364015 
16 0.521288 0.355694 0.119418 0.0405616 
16 0.446521 0.355694 0.132918 0.0447218 
16 0.582554 0.5013 0.11838 0.0280811 
16 0.577362 0.567863 0.0944964 0.0364015 
16 0.475597 0.601144 0.109034 0.0384815 
16 0.375909 0.578263 0.122534 0.0405616 
16 0.352025 0.472179 0.126687 0.050962 
16 0.302181 0.25793 0.122534 0.0447218 
16 0.184839 0.364015 0.117342 0.050962 
16 0.218069 0.603224 0.121495 0.0551222 
16 0.0456906 0.197608 0.086189 0.0634425 
