16 0.121279 0.419699 0.0529217 0.0529217 
16 0.169056 0.474825 0.0463065 0.0463065 
16 0.180816 0.389563 0.0757075 0.0757075 
16 0.229327 0.417494 0.0801176 0.0801176 
16 0.266814 0.379272 0.0882029 0.0889379 
16 0.125689 0.374862 0.0735024 0.0735024 
16 0.0940831 0.338846 0.0654171 0.0646821 
16 0.128629 0.270489 0.0735024 0.0742374 
16 0.191106 0.232268 0.0815877 0.0815877 
16 0.255788 0.273429 0.0889379 0.0896729 
16 0.388093 0.355752 0.0845278 0.0837927 
16 0.393238 0.244028 0.0837927 0.0837927 
16 0.256523 0.141125 0.0882029 0.0882029 
16 0.546858 0.257258 0.0742374 0.0749724 
