16 0.270489 0.442484 0.0727674 0.0727674 
16 0.229327 0.433664 0.0757075 0.0757075 
16 0.330761 0.406468 0.0742374 0.0749724 
16 0.339581 0.364572 0.0801176 0.0801176 
16 0.396178 0.282249 0.0867328 0.0859978 
16 0.266814 0.377802 0.0705623 0.0712973 
16 0.186696 0.411613 0.0757075 0.0757075 
16 0.220507 0.352811 0.0867328 0.0867328 
16 0.274164 0.315325 0.0882029 0.0882029 
16 0.163175 0.340316 0.0727674 0.0720323 
16 0.149945 0.31459 0.0536567 0.0529217 
16 0.166115 0.277839 0.0757075 0.0757075 
16 0.211687 0.264609 0.0845278 0.0845278 
16 0.306505 0.199926 0.091143 0.091143 
16 0.241088 0.196986 0.0823227 0.0823227 
16 0.180816 0.213157 0.0720323 0.0720323 
