16 0.461778 0.0353063 0.0364015 0.0695742 
16 0.357774 0.0290758 0.0384815 0.0550363 
16 0.430577 0.124611 0.0364015 0.117342 
16 0.355694 0.145379 0.0405616 0.119418 
16 0.355694 0.221184 0.0447218 0.132918 
16 0.5013 0.0851506 0.0280811 0.11838 
16 0.567863 0.0893043 0.0364015 0.0944964 
16 0.601144 0.19107 0.0384815 0.109034 
16 0.578263 0.291796 0.0405616 0.122534 
16 0.472179 0.31568 0.050962 0.126687 
16 0.25793 0.365524 0.0447218 0.122534 
16 0.364015 0.481828 0.050962 0.117342 
16 0.603224 0.448598 0.0551222 0.121495 
16 0.197608 0.623053 0.0634425 0.086189 
