16 0.155825 0.346931 0.0977582 0.0977582 
16 0.364572 0.224917 0.0808526 0.0801176 
16 0.29695 0.271224 0.0815877 0.0823227 
16 0.261669 0.342521 0.0962881 0.0970231 
16 0.343991 0.307975 0.0845278 0.0837927 
16 0.400588 0.261669 0.0823227 0.0823227 
16 0.467475 0.233738 0.0712973 0.0705623 
16 0.226387 0.432194 0.100698 0.100698 
16 0.29695 0.395443 0.091878 0.091878 
16 0.376332 0.360162 0.0845278 0.0845278 
16 0.432194 0.29548 0.0801176 0.0808526 
16 0.482176 0.269019 0.0742374 0.0742374 
16 0.482176 0.31312 0.0859978 0.0867328 
16 0.434399 0.370452 0.0852628 0.0845278 
16 0.396913 0.449835 0.100698 0.100698 
16 0.319 0.449835 0.091878 0.091878 
