16 0.141446 0.170567 0.130005 0.0655226 
16 0.474259 0.25585 0.119605 0.0426417 
16 0.359854 0.235049 0.115445 0.048882 
16 0.25377 0.270411 0.132085 0.0592824 
16 0.368175 0.318253 0.121685 0.0468019 
16 0.472179 0.328653 0.130005 0.0364015 
16 0.567863 0.366095 0.115445 0.026001 
16 0.128965 0.324493 0.138326 0.0634425 
16 0.235049 0.357774 0.127925 0.0551222 
16 0.349454 0.401456 0.130005 0.0384815 
16 0.470099 0.395216 0.130005 0.0322413 
16 0.549142 0.418097 0.111284 0.0364015 
16 0.50338 0.461778 0.132085 0.0426417 
16 0.399376 0.470099 0.127925 0.0426417 
16 0.282891 0.513781 0.144566 0.0572023 
16 0.203848 0.434737 0.132085 0.0530421 
