16 0.557462 0.353614 0.0821633 0.0634425 
16 0.476339 0.289132 0.0925637 0.050962 
16 0.187207 0.232969 0.0967239 0.0925637 
16 0.278731 0.332813 0.075923 0.0884035 
16 0.422257 0.357774 0.102964 0.0468019 
16 0.472179 0.470099 0.0925637 0.0405616 
16 0.651066 0.0624025 0.0301612 0.023921 
16 0.463859 0.538742 0.0551222 0.0613625 
16 0.303692 0.592824 0.115445 0.0343214 
16 0.0707228 0.401456 0.136245 0.0821633 
16 0.0228809 0.520021 0.0405616 0.0530421 
16 0.657306 0.0873635 0.0176807 0.0280811 
