16 0.455715 0.233003 0.0727674 0.0720323 
16 0.383682 0.239618 0.0712973 0.0720323 
16 0.210217 0.356487 0.0940831 0.0940831 
16 0.30577 0.360897 0.0808526 0.0808526 
16 0.389563 0.302095 0.0735024 0.0735024 
16 0.47115 0.332231 0.0661522 0.0668872 
16 0.357222 0.0389563 0.0264609 0.0264609 
16 0.501286 0.370452 0.0580669 0.0588019 
16 0.448365 0.479236 0.0742374 0.0749724 
16 0.235208 0.499081 0.108784 0.108784 
16 0.270489 0.582139 0.0455715 0.0463065 
16 0.371922 0.0485116 0.0227857 0.0227857 
