16 0.0580247 0.124306 0.0845679 0.0361111 
16 0.0932099 0.101389 0.0938272 0.0388889 
16 0.0345679 0.207639 0.0685185 0.0322917 
16 0.0888889 0.163889 0.107407 0.0291667 
16 0.0833333 0.226389 0.0987654 0.0350694 
16 0.11358 0.307986 0.0950617 0.0368056 
16 0.222222 0.313889 0.13642 0.0447917 
16 0.203704 0.395139 0.128395 0.0479167 
16 0.187654 0.147222 0.0969136 0.0329861 
16 0.188889 0.0847222 0.0895062 0.0447917 
16 0.290123 0.0902778 0.121605 0.0413194 
16 0.25 0.16875 0.122222 0.0409722 
16 0.277778 0.198264 0.114198 0.0416667 
16 0.240123 0.235764 0.130864 0.0479167 
16 0.418519 0.124653 0.132716 0.0541667 
