16 0.0654321 0.219792 0.115432 0.0423611 
16 0.109259 0.265625 0.108642 0.0416667 
16 0.146914 0.328125 0.103704 0.0375 
16 0.161728 0.377778 0.108025 0.0392361 
16 0.22037 0.311111 0.107407 0.0305556 
16 0.257407 0.404167 0.0851852 0.0597222 
16 0.201235 0.240278 0.133333 0.0375 
16 0.155556 0.169444 0.108025 0.040625 
16 0.220988 0.110069 0.116667 0.0361111 
16 0.276543 0.146181 0.106173 0.0486111 
16 0.290741 0.255208 0.130864 0.0423611 
16 0.310494 0.370139 0.12963 0.021875 
16 0.451235 0.344792 0.12963 0.0479167 
16 0.438272 0.171528 0.133951 0.0506944 
16 0.381481 0.102778 0.126543 0.0434028 
16 0.309877 0.0534722 0.0796296 0.0524306 
