16 0.237654 0.484028 0.0864198 0.04375 
16 0.360494 0.494444 0.116667 0.0517361 
16 0.182099 0.401042 0.107407 0.0298611 
16 0.304321 0.425694 0.0975309 0.0635417 
16 0.483951 0.459375 0.108025 0.0569444 
16 0.451852 0.393056 0.110494 0.05625 
16 0.471605 0.320139 0.142593 0.05625 
16 0.359259 0.28125 0.117901 0.0684028 
16 0.0833333 0.345139 0.0962963 0.0371528 
16 0.0932099 0.268056 0.0938272 0.0416667 
16 0.179012 0.327778 0.106173 0.0371528 
16 0.224691 0.252083 0.109259 0.0347222 
16 0.230864 0.160764 0.118519 0.0430556 
16 0.385185 0.171528 0.111111 0.0465278 
16 0.534568 0.246181 0.114815 0.0541667 
16 0.517284 0.179167 0.12284 0.0798611 
