16 0.575524 0.300625 0.060272 0.060272 
16 0.570379 0.329291 0.0668872 0.0668872 
16 0.545388 0.246968 0.0507166 0.0507166 
16 0.540978 0.296215 0.0690922 0.0690922 
16 0.513047 0.261669 0.0668872 0.0668872 
16 0.45645 0.236678 0.0661522 0.0661522 
16 0.399853 0.288129 0.091143 0.0904079 
16 0.368247 0.238148 0.0882029 0.0889379 
16 0.499816 0.354282 0.0654171 0.0654171 
16 0.530687 0.385152 0.0676222 0.0668872 
16 0.477766 0.433664 0.0815877 0.0815877 
16 0.45792 0.374862 0.0823227 0.0815877 
16 0.429254 0.373392 0.0779125 0.0779125 
16 0.429254 0.335171 0.0889379 0.0889379 
16 0.396178 0.479971 0.0940831 0.0940831 
