16 0.30724 0.210217 0.0646821 0.0654171 
16 0.241088 0.267549 0.0845278 0.0845278 
16 0.376332 0.224917 0.0683572 0.0690922 
16 0.30283 0.272694 0.0808526 0.0808526 
16 0.196986 0.346196 0.0823227 0.0823227 
16 0.245498 0.363102 0.0837927 0.0837927 
16 0.271959 0.408673 0.0999632 0.0992282 
16 0.346931 0.372657 0.093348 0.092613 
16 0.45351 0.202867 0.0661522 0.0668872 
16 0.486586 0.246968 0.0683572 0.0683572 
16 0.414553 0.258728 0.0712973 0.0712973 
16 0.429254 0.319735 0.0720323 0.0720323 
16 0.471885 0.368247 0.0808526 0.0808526 
16 0.389563 0.439544 0.0786476 0.0786476 
16 0.277104 0.477766 0.0852628 0.0852628 
16 0.32047 0.502756 0.100698 0.100698 
