16 0.142595 0.410143 0.0786476 0.0786476 
16 0.188166 0.411613 0.0757075 0.0757075 
16 0.238148 0.424844 0.0712973 0.0712973 
16 0.269019 0.441014 0.0735024 0.0735024 
16 0.266079 0.379272 0.0690922 0.0698273 
16 0.330761 0.407203 0.0727674 0.0727674 
16 0.220507 0.352811 0.0859978 0.0859978 
16 0.163175 0.341051 0.0742374 0.0749724 
16 0.16538 0.278574 0.0764425 0.0764425 
16 0.211687 0.269019 0.0771775 0.0771775 
16 0.272694 0.31606 0.0867328 0.0859978 
16 0.340316 0.364572 0.0764425 0.0757075 
16 0.397648 0.280779 0.0896729 0.0889379 
16 0.3043 0.200662 0.091878 0.092613 
16 0.241823 0.194046 0.0852628 0.0845278 
16 0.181551 0.206542 0.0661522 0.0661522 
