16 0.185127 0.23676 0.0447218 0.086189 
16 0.174727 0.359294 0.0530421 0.117342 
16 0.266251 0.182762 0.0301612 0.107996 
16 0.24129 0.304258 0.0634425 0.0976116 
16 0.210088 0.482866 0.0572023 0.107996 
16 0.274571 0.450675 0.0582423 0.111111 
16 0.347374 0.471443 0.0582423 0.142264 
16 0.386895 0.359294 0.0696828 0.11838 
16 0.322413 0.0830737 0.0384815 0.0965732 
16 0.399376 0.0934579 0.0426417 0.0944964 
16 0.341134 0.178609 0.0364015 0.105919 
16 0.416017 0.224299 0.0364015 0.109034 
16 0.50754 0.23053 0.0447218 0.11838 
16 0.49506 0.384216 0.0468019 0.111111 
16 0.420177 0.533749 0.0551222 0.115265 
16 0.48882 0.516096 0.0800832 0.122534 
