16 0.300625 0.091878 0.060272 0.060272 
16 0.329291 0.0970231 0.0668872 0.0668872 
16 0.246968 0.122014 0.0507166 0.0507166 
16 0.296215 0.126424 0.0690922 0.0690922 
16 0.261669 0.154355 0.0668872 0.0668872 
16 0.236678 0.210952 0.0661522 0.0661522 
16 0.288129 0.267549 0.0904079 0.091143 
16 0.238148 0.299155 0.0889379 0.0882029 
16 0.354282 0.167585 0.0654171 0.0654171 
16 0.385152 0.136714 0.0668872 0.0676222 
16 0.433664 0.189636 0.0815877 0.0815877 
16 0.374862 0.209482 0.0815877 0.0823227 
16 0.373392 0.238148 0.0779125 0.0779125 
16 0.335171 0.238148 0.0889379 0.0889379 
16 0.479971 0.271224 0.0940831 0.0940831 
