16 0.237129 0.484659 0.0863235 0.0447218 
16 0.359854 0.49298 0.117525 0.050962 
16 0.183047 0.399376 0.107124 0.0301612 
16 0.303692 0.426417 0.0967239 0.0655226 
16 0.482579 0.459698 0.109204 0.0572023 
16 0.451378 0.393136 0.111284 0.0572023 
16 0.470099 0.320333 0.142486 0.0572023 
16 0.359854 0.280811 0.119605 0.0676027 
16 0.0832033 0.345294 0.0967239 0.0364015 
16 0.0936037 0.268331 0.0946438 0.0426417 
16 0.178887 0.326573 0.107124 0.0384815 
16 0.224649 0.25169 0.109204 0.0343214 
16 0.230889 0.160166 0.119605 0.0426417 
16 0.384815 0.170567 0.111284 0.0468019 
16 0.534581 0.24545 0.115445 0.0551222 
16 0.515861 0.178887 0.121685 0.0800832 
