16 0.430577 0.185127 0.0863235 0.0447218 
16 0.307852 0.174727 0.117525 0.0530421 
16 0.484659 0.266251 0.109204 0.0301612 
16 0.364015 0.24129 0.0988039 0.0634425 
16 0.185127 0.210088 0.107124 0.0572023 
16 0.216329 0.274571 0.111284 0.0572023 
16 0.195528 0.347374 0.142486 0.0572023 
16 0.307852 0.386895 0.117525 0.0696828 
16 0.584503 0.322413 0.0967239 0.0384815 
16 0.574103 0.399376 0.0946438 0.0426417 
16 0.48882 0.341134 0.105044 0.0364015 
16 0.443058 0.416017 0.109204 0.0364015 
16 0.436817 0.50754 0.117525 0.0447218 
16 0.282891 0.49506 0.111284 0.0468019 
16 0.133125 0.420177 0.115445 0.0551222 
16 0.151846 0.48882 0.123765 0.0800832 
