16 0.124805 0.608515 0.0364015 0.0851506 
16 0.100884 0.573209 0.0395216 0.0944964 
16 0.208008 0.632399 0.0332813 0.0685358 
16 0.164327 0.578401 0.0301612 0.107996 
16 0.225689 0.583593 0.0353614 0.09865 
16 0.307852 0.553479 0.0374415 0.0955348 
16 0.313053 0.446521 0.0457618 0.136033 
16 0.395216 0.464174 0.048882 0.128764 
16 0.146646 0.479751 0.0332813 0.0976116 
16 0.0842434 0.478712 0.0457618 0.0893043 
16 0.0894436 0.377985 0.0416017 0.121495 
16 0.168487 0.417446 0.0416017 0.122534 
16 0.197608 0.389408 0.0426417 0.114226 
16 0.235049 0.42783 0.048882 0.130841 
16 0.124805 0.25026 0.0551222 0.132918 
