16 0.602285 0.447218 0.115265 0.0426417 
16 0.558671 0.401456 0.109034 0.0426417 
16 0.520249 0.339054 0.103842 0.0384815 
16 0.505711 0.291212 0.107996 0.0405616 
16 0.446521 0.355694 0.107996 0.0301612 
16 0.410177 0.264171 0.0851506 0.0613625 
16 0.465213 0.426417 0.133956 0.0384815 
16 0.511942 0.49714 0.107996 0.0426417 
16 0.446521 0.557462 0.117342 0.0364015 
16 0.391485 0.522101 0.105919 0.048882 
16 0.376947 0.411856 0.130841 0.0426417 
16 0.357217 0.297452 0.129803 0.023921 
16 0.218069 0.322413 0.129803 0.048882 
16 0.23053 0.49506 0.133956 0.050962 
16 0.286604 0.565783 0.126687 0.0447218 
16 0.359294 0.613625 0.0799585 0.0530421 
