16 0.609464 0.542902 0.0863235 0.0364015 
16 0.574103 0.565783 0.0946438 0.0384815 
16 0.632345 0.459698 0.0676027 0.0322413 
16 0.578263 0.50338 0.109204 0.0301612 
16 0.584503 0.440978 0.0988039 0.0343214 
16 0.553302 0.359854 0.0967239 0.0364015 
16 0.447218 0.353614 0.136245 0.0468019 
16 0.463859 0.272491 0.130005 0.048882 
16 0.480499 0.520021 0.0988039 0.0343214 
16 0.478419 0.582423 0.0884035 0.0468019 
16 0.378575 0.578263 0.121685 0.0405616 
16 0.418097 0.49922 0.123765 0.0405616 
16 0.388976 0.468019 0.113365 0.0426417 
16 0.428497 0.432657 0.132085 0.048882 
16 0.24961 0.542902 0.134165 0.0551222 
