16 0.457185 0.30724 0.0654171 0.0646821 
16 0.399853 0.241088 0.0845278 0.0845278 
16 0.442484 0.376332 0.0690922 0.0683572 
16 0.394708 0.30283 0.0808526 0.0808526 
16 0.321205 0.196986 0.0823227 0.0823227 
16 0.3043 0.245498 0.0837927 0.0837927 
16 0.258728 0.271959 0.0992282 0.0999632 
16 0.294745 0.346931 0.092613 0.093348 
16 0.464535 0.45351 0.0668872 0.0661522 
16 0.420434 0.486586 0.0683572 0.0683572 
16 0.408673 0.414553 0.0712973 0.0712973 
16 0.347666 0.429254 0.0720323 0.0720323 
16 0.299155 0.471885 0.0808526 0.0808526 
16 0.227857 0.389563 0.0786476 0.0786476 
16 0.189636 0.277104 0.0852628 0.0852628 
16 0.164645 0.32047 0.100698 0.100698 
