16 0.0665627 0.218409 0.115445 0.0426417 
16 0.108164 0.266251 0.109204 0.0426417 
16 0.147686 0.328653 0.102964 0.0384815 
16 0.162246 0.376495 0.107124 0.0384815 
16 0.220489 0.312012 0.109204 0.0322413 
16 0.25793 0.403536 0.0863235 0.0592824 
16 0.201768 0.23921 0.134165 0.0384815 
16 0.156006 0.170567 0.107124 0.0405616 
16 0.220489 0.110244 0.117525 0.0364015 
16 0.276651 0.147686 0.107124 0.048882 
16 0.291212 0.25377 0.132085 0.0426417 
16 0.309932 0.370255 0.130005 0.0218409 
16 0.449298 0.345294 0.130005 0.048882 
16 0.436817 0.170567 0.134165 0.050962 
16 0.380655 0.101924 0.125845 0.0426417 
16 0.307852 0.0540822 0.0800832 0.0530421 
