16 0.257258 0.142595 0.0786476 0.0786476 
16 0.255788 0.188166 0.0757075 0.0757075 
16 0.242558 0.238148 0.0712973 0.0712973 
16 0.226387 0.269019 0.0735024 0.0735024 
16 0.288129 0.266079 0.0698273 0.0690922 
16 0.260198 0.330761 0.0727674 0.0727674 
16 0.31459 0.220507 0.0859978 0.0859978 
16 0.326351 0.163175 0.0749724 0.0742374 
16 0.388828 0.16538 0.0764425 0.0764425 
16 0.398383 0.211687 0.0771775 0.0771775 
16 0.351341 0.272694 0.0859978 0.0867328 
16 0.30283 0.340316 0.0757075 0.0764425 
16 0.386623 0.397648 0.0889379 0.0896729 
16 0.46674 0.3043 0.092613 0.091878 
16 0.473355 0.241823 0.0845278 0.0852628 
16 0.46086 0.181551 0.0661522 0.0661522 
