16 0.447218 0.066459 0.0426417 0.115265 
16 0.401456 0.110073 0.0426417 0.109034 
16 0.339054 0.147456 0.0384815 0.103842 
16 0.291212 0.161994 0.0405616 0.107996 
16 0.355694 0.221184 0.0301612 0.107996 
16 0.264171 0.257529 0.0613625 0.0851506 
16 0.426417 0.201454 0.0384815 0.133956 
16 0.49714 0.155763 0.0426417 0.107996 
16 0.557462 0.220145 0.0364015 0.117342 
16 0.522101 0.27622 0.048882 0.105919 
16 0.411856 0.290758 0.0426417 0.130841 
16 0.297452 0.30945 0.023921 0.129803 
16 0.322413 0.450675 0.049922 0.129803 
16 0.49506 0.438214 0.050962 0.133956 
16 0.565783 0.381101 0.0447218 0.126687 
16 0.613625 0.30945 0.0530421 0.0799585 
