16 0.0839506 0.227083 0.101852 0.0392361 
16 0.117284 0.174306 0.0722222 0.0583333 
16 0.138272 0.105208 0.0993827 0.0361111 
16 0.180247 0.142014 0.101852 0.0423611 
16 0.114815 0.291667 0.114198 0.0454861 
16 0.266049 0.231597 0.0938272 0.075 
16 0.288889 0.20625 0.0617284 0.0795139 
16 0.274691 0.0902778 0.0740741 0.0486111 
16 0.230864 0.334722 0.108025 0.0715278 
16 0.304321 0.441667 0.130864 0.0486111 
16 0.364198 0.344097 0.146296 0.0555556 
16 0.474074 0.340625 0.141358 0.0645833 
16 0.503704 0.210069 0.156173 0.0652778 
16 0.422222 0.123611 0.12284 0.0559028 
16 0.382716 0.0701389 0.115432 0.0440972 
