16 0.0592593 0.226389 0.116667 0.034375 
16 0.109877 0.263889 0.109877 0.0423611 
16 0.14321 0.327083 0.116049 0.0420139 
16 0.160494 0.376389 0.109259 0.0399306 
16 0.258025 0.404167 0.0895062 0.0611111 
16 0.307407 0.499306 0.106173 0.0670139 
16 0.311111 0.372917 0.126543 0.0232639 
16 0.450617 0.317014 0.138889 0.0611111 
16 0.233333 0.229861 0.103086 0.0420139 
16 0.322222 0.221181 0.130247 0.0479167 
16 0.158025 0.169444 0.100617 0.0392361 
16 0.125926 0.114583 0.103704 0.0350694 
16 0.223457 0.1125 0.114815 0.0385417 
16 0.33642 0.118056 0.0950617 0.0434028 
16 0.381481 0.102778 0.119136 0.0399306 
16 0.438272 0.171181 0.128395 0.0520833 
