16 0.0333333 0.534028 0.054321 0.0329861 
16 0.0969136 0.350694 0.108642 0.0350694 
16 0.177778 0.384722 0.112963 0.0423611 
16 0.288889 0.442361 0.112963 0.0371528 
16 0.378395 0.484375 0.130864 0.0430556 
16 0.490123 0.401389 0.108642 0.0572917 
16 0.234568 0.327083 0.12284 0.0423611 
16 0.311111 0.334028 0.116667 0.0454861 
16 0.123457 0.267708 0.101852 0.0388889 
16 0.230864 0.246875 0.127778 0.0333333 
16 0.161728 0.195833 0.0962963 0.0322917 
16 0.233333 0.160417 0.119753 0.0423611 
16 0.365432 0.179861 0.131481 0.0548611 
16 0.52716 0.263889 0.12037 0.0572917 
16 0.518519 0.18125 0.120988 0.0822917 
