16 0.440978 0.0602285 0.0343214 0.117342 
16 0.403536 0.110073 0.0426417 0.110073 
16 0.339054 0.143302 0.0426417 0.116303 
16 0.291212 0.159917 0.0405616 0.109034 
16 0.264171 0.258567 0.0613625 0.0893043 
16 0.168487 0.307373 0.0676027 0.105919 
16 0.295372 0.310488 0.023921 0.126687 
16 0.351534 0.450675 0.0613625 0.139148 
16 0.436817 0.232606 0.0426417 0.102804 
16 0.447218 0.321911 0.048882 0.130841 
16 0.49714 0.15784 0.0384815 0.100727 
16 0.553302 0.126687 0.0364015 0.103842 
16 0.555382 0.224299 0.0405616 0.115265 
16 0.549142 0.336449 0.0426417 0.0955348 
16 0.565783 0.382139 0.0405616 0.119418 
16 0.49714 0.438214 0.0530421 0.128764 
