16 0.383682 0.0837927 0.0441014 0.0433664 
16 0.443954 0.207277 0.0720323 0.0720323 
16 0.386623 0.230062 0.0771775 0.0779125 
16 0.30283 0.257258 0.0749724 0.0749724 
16 0.236678 0.280779 0.0867328 0.0867328 
16 0.221977 0.377802 0.0830577 0.0830577 
16 0.386623 0.287394 0.0823227 0.0823227 
16 0.345461 0.32194 0.0815877 0.0808526 
16 0.471885 0.261669 0.0705623 0.0705623 
16 0.428519 0.325616 0.0808526 0.0808526 
16 0.488056 0.316795 0.0646821 0.0646821 
16 0.47115 0.370452 0.0808526 0.0801176 
16 0.393973 0.426314 0.093348 0.093348 
16 0.271959 0.464535 0.0889379 0.0889379 
16 0.31753 0.501286 0.102168 0.102168 
