16 0.584503 0.440978 0.102964 0.0405616 
16 0.549142 0.49298 0.0717629 0.0592824 
16 0.530421 0.563703 0.0988039 0.0364015 
16 0.48882 0.524181 0.102964 0.0426417 
16 0.553302 0.376495 0.115445 0.0447218 
16 0.401456 0.434737 0.0946438 0.075923 
16 0.378575 0.461778 0.0634425 0.0800832 
16 0.393136 0.578263 0.073843 0.048882 
16 0.436817 0.332813 0.107124 0.0717629 
16 0.364015 0.226729 0.132085 0.048882 
16 0.303692 0.324493 0.146646 0.0572023 
16 0.195528 0.326573 0.140406 0.0655226 
16 0.164327 0.457618 0.154966 0.0655226 
16 0.24545 0.542902 0.121685 0.0551222 
16 0.284971 0.596984 0.115445 0.0447218 
