16 0.249908 0.142595 0.0757075 0.0764425 
16 0.256523 0.186696 0.0764425 0.0764425 
16 0.241088 0.235208 0.0786476 0.0793826 
16 0.225652 0.268284 0.0749724 0.0749724 
16 0.260933 0.330761 0.0749724 0.0749724 
16 0.238148 0.402793 0.0859978 0.0859978 
16 0.30283 0.341051 0.0749724 0.0749724 
16 0.400588 0.383682 0.0999632 0.0999632 
16 0.335171 0.230798 0.0720323 0.0727674 
16 0.383682 0.271959 0.0896729 0.0889379 
16 0.327821 0.164645 0.0698273 0.0698273 
16 0.339581 0.120544 0.0690922 0.0690922 
16 0.389563 0.167585 0.0771775 0.0771775 
16 0.442484 0.227122 0.0698273 0.0690922 
16 0.473355 0.242558 0.0801176 0.0801176 
16 0.467475 0.3043 0.0904079 0.0904079 
