16 0.634425 0.133125 0.0551222 0.0343214 
16 0.569943 0.318253 0.109204 0.0364015 
16 0.48882 0.282891 0.113365 0.0426417 
16 0.378575 0.226729 0.113365 0.0364015 
16 0.289132 0.183047 0.130005 0.0426417 
16 0.176807 0.266251 0.109204 0.0572023 
16 0.432657 0.341134 0.121685 0.0426417 
16 0.355694 0.332813 0.117525 0.0468019 
16 0.544982 0.399376 0.102964 0.0384815 
16 0.436817 0.420177 0.127925 0.0343214 
16 0.50546 0.472179 0.0967239 0.0322413 
16 0.434737 0.50754 0.119605 0.0426417 
16 0.301612 0.486739 0.132085 0.0551222 
16 0.141446 0.403536 0.119605 0.0572023 
16 0.149766 0.486739 0.121685 0.0821633 
