16 0.155825 0.405733 0.0698273 0.0698273 
16 0.14627 0.361632 0.0661522 0.0654171 
16 0.121279 0.31753 0.0676222 0.0676222 
16 0.16097 0.315325 0.0720323 0.0720323 
16 0.202867 0.421904 0.0801176 0.0793826 
16 0.249173 0.31606 0.0852628 0.0845278 
16 0.246968 0.29254 0.0705623 0.0705623 
16 0.182286 0.241088 0.061007 0.061007 
16 0.282984 0.385152 0.0896729 0.0896729 
16 0.372657 0.402058 0.0896729 0.0896729 
16 0.353547 0.323411 0.101433 0.101433 
16 0.406468 0.267549 0.102903 0.103638 
16 0.356487 0.187431 0.110254 0.110254 
16 0.273429 0.185226 0.0889379 0.0889379 
16 0.226387 0.177876 0.0801176 0.0793826 
