16 0.533541 0.633437 0.0332813 0.0550363 
16 0.349454 0.571132 0.0353614 0.109034 
16 0.384815 0.490135 0.0426417 0.113188 
16 0.440978 0.380062 0.0374415 0.113188 
16 0.483619 0.28972 0.0436817 0.130841 
16 0.401456 0.178609 0.0592824 0.109034 
16 0.326573 0.433022 0.0426417 0.122534 
16 0.333853 0.357217 0.0457618 0.117342 
16 0.267291 0.544133 0.0395216 0.101765 
16 0.24753 0.436137 0.0343214 0.127726 
16 0.195528 0.504673 0.0332813 0.0965732 
16 0.160166 0.43406 0.0426417 0.119418 
16 0.178887 0.301142 0.0551222 0.13188 
16 0.264171 0.141225 0.0592824 0.120457 
16 0.180967 0.149533 0.0832033 0.121495 
