16 0.261669 0.155825 0.0698273 0.0698273 
16 0.30577 0.14627 0.0654171 0.0661522 
16 0.349871 0.121279 0.0676222 0.0676222 
16 0.352076 0.16097 0.0720323 0.0720323 
16 0.245498 0.202867 0.0793826 0.0801176 
16 0.351341 0.249173 0.0845278 0.0852628 
16 0.374862 0.246968 0.0705623 0.0705623 
16 0.426314 0.182286 0.061007 0.061007 
16 0.282249 0.282984 0.0896729 0.0896729 
16 0.265344 0.372657 0.0896729 0.0896729 
16 0.343991 0.353547 0.101433 0.101433 
16 0.399853 0.406468 0.103638 0.102903 
16 0.479971 0.356487 0.110254 0.110254 
16 0.482176 0.273429 0.0889379 0.0889379 
16 0.489526 0.226387 0.0793826 0.0801176 
