16 0.583609 0.383682 0.0433664 0.0441014 
16 0.460125 0.443954 0.0720323 0.0720323 
16 0.437339 0.386623 0.0779125 0.0771775 
16 0.410143 0.30283 0.0749724 0.0749724 
16 0.386623 0.236678 0.0867328 0.0867328 
16 0.289599 0.221977 0.0830577 0.0830577 
16 0.380007 0.386623 0.0823227 0.0823227 
16 0.345461 0.345461 0.0808526 0.0815877 
16 0.405733 0.471885 0.0705623 0.0705623 
16 0.341786 0.428519 0.0808526 0.0808526 
16 0.350606 0.488056 0.0646821 0.0646821 
16 0.29695 0.47115 0.0801176 0.0808526 
16 0.241088 0.393973 0.093348 0.093348 
16 0.202867 0.271959 0.0889379 0.0889379 
16 0.166115 0.31753 0.102168 0.102168 
