16 0.0332813 0.534581 0.0551222 0.0322413 
16 0.0956838 0.349454 0.109204 0.0343214 
16 0.176807 0.384815 0.113365 0.0426417 
16 0.287051 0.440978 0.113365 0.0384815 
16 0.378575 0.484659 0.132085 0.0447218 
16 0.48882 0.401456 0.109204 0.0592824 
16 0.235049 0.326573 0.123765 0.0426417 
16 0.309932 0.334893 0.117525 0.0447218 
16 0.122725 0.268331 0.100884 0.0405616 
16 0.230889 0.24753 0.127925 0.0343214 
16 0.162246 0.195528 0.0967239 0.0343214 
16 0.232969 0.160166 0.119605 0.0426417 
16 0.366095 0.178887 0.132085 0.0551222 
16 0.526261 0.264171 0.121685 0.0592824 
16 0.517941 0.180967 0.121685 0.0842434 
