16 0.142595 0.417494 0.0764425 0.0757075 
16 0.186696 0.410878 0.0764425 0.0764425 
16 0.235208 0.426314 0.0793826 0.0786476 
16 0.268284 0.441749 0.0749724 0.0749724 
16 0.330761 0.406468 0.0749724 0.0749724 
16 0.402793 0.429254 0.0859978 0.0859978 
16 0.341051 0.364572 0.0749724 0.0749724 
16 0.383682 0.266814 0.0999632 0.0999632 
16 0.230798 0.332231 0.0727674 0.0720323 
16 0.271959 0.283719 0.0889379 0.0896729 
16 0.164645 0.339581 0.0698273 0.0698273 
16 0.120544 0.327821 0.0690922 0.0690922 
16 0.167585 0.277839 0.0771775 0.0771775 
16 0.227122 0.224917 0.0690922 0.0698273 
16 0.242558 0.194046 0.0801176 0.0801176 
16 0.3043 0.199926 0.0904079 0.0904079 
