16 0.0832033 0.226729 0.100884 0.0384815 
16 0.118565 0.174727 0.073843 0.0592824 
16 0.137285 0.106084 0.100884 0.0364015 
16 0.178887 0.141446 0.100884 0.0426417 
16 0.114405 0.291212 0.113365 0.0468019 
16 0.266251 0.230889 0.0946438 0.075923 
16 0.289132 0.205928 0.0613625 0.0800832 
16 0.274571 0.0915237 0.075923 0.048882 
16 0.230889 0.334893 0.109204 0.0717629 
16 0.303692 0.440978 0.130005 0.048882 
16 0.364015 0.343214 0.146646 0.0551222 
16 0.472179 0.341134 0.142486 0.0655226 
16 0.50338 0.210088 0.157046 0.0655226 
16 0.422257 0.124805 0.123765 0.0572023 
16 0.382735 0.0707228 0.115445 0.0447218 
