16 0.0582423 0.226729 0.117525 0.0364015 
16 0.110244 0.264171 0.111284 0.0426417 
16 0.143526 0.326573 0.115445 0.0426417 
16 0.160166 0.376495 0.109204 0.0405616 
16 0.25793 0.403536 0.0884035 0.0613625 
16 0.307852 0.49922 0.107124 0.0676027 
16 0.309932 0.372335 0.125845 0.023921 
16 0.451378 0.318253 0.140406 0.0613625 
16 0.232969 0.228809 0.102964 0.0426417 
16 0.322413 0.222569 0.132085 0.048882 
16 0.158086 0.170567 0.100884 0.0405616 
16 0.126885 0.114405 0.102964 0.0343214 
16 0.224649 0.112324 0.115445 0.0384815 
16 0.336973 0.118565 0.0946438 0.0447218 
16 0.382735 0.104004 0.119605 0.0405616 
16 0.438898 0.172647 0.127925 0.0530421 
