16 0.226729 0.583593 0.0395216 0.101765 
16 0.174727 0.549325 0.0592824 0.0726895 
16 0.104004 0.529595 0.0364015 0.0996885 
16 0.141446 0.488058 0.0426417 0.101765 
16 0.291212 0.55244 0.0457618 0.114226 
16 0.230889 0.400831 0.075923 0.0944964 
16 0.205928 0.379024 0.0800832 0.0623053 
16 0.0894436 0.392523 0.048882 0.0747664 
16 0.334893 0.436137 0.0717629 0.107996 
16 0.440978 0.363448 0.048882 0.130841 
16 0.343214 0.303219 0.0561622 0.146417 
16 0.341134 0.195223 0.0655226 0.141225 
16 0.210088 0.165109 0.0655226 0.155763 
16 0.123765 0.246106 0.0561622 0.122534 
16 0.0707228 0.284528 0.0447218 0.115265 
