16 0.0802469 0.226389 0.100617 0.0354167 
16 0.159877 0.351389 0.118519 0.0475694 
16 0.117284 0.291667 0.108642 0.0402778 
16 0.141975 0.104861 0.091358 0.0385417 
16 0.184568 0.142361 0.0925926 0.0454861 
16 0.304938 0.443056 0.137654 0.0527778 
16 0.22963 0.228472 0.110494 0.0534722 
16 0.32716 0.328472 0.142593 0.0555556 
16 0.369753 0.210069 0.150617 0.0527778 
16 0.318519 0.141667 0.128395 0.0447917 
16 0.275309 0.0902778 0.0864198 0.053125 
16 0.38642 0.0715278 0.117284 0.05 
16 0.501235 0.390972 0.135185 0.0447917 
16 0.525309 0.253819 0.149383 0.0541667 
16 0.530864 0.133333 0.109877 0.0565972 
