16 0.0592593 0.224306 0.117284 0.034375 
16 0.111111 0.265972 0.109877 0.0413194 
16 0.146296 0.326389 0.109877 0.0392361 
16 0.162963 0.378472 0.104938 0.0357639 
16 0.25679 0.402083 0.0820988 0.0621528 
16 0.311111 0.498611 0.111728 0.0652778 
16 0.312346 0.372222 0.125309 0.0239583 
16 0.453704 0.315972 0.145679 0.0618056 
16 0.233333 0.229167 0.100617 0.0378472 
16 0.320988 0.220139 0.133951 0.0496528 
16 0.158025 0.16875 0.111111 0.0392361 
16 0.12716 0.115278 0.104321 0.0329861 
16 0.223457 0.111806 0.112963 0.0399306 
16 0.340741 0.11875 0.0950617 0.04375 
16 0.385185 0.104167 0.124074 0.0430556 
16 0.440741 0.171181 0.127778 0.0486111 
