16 0.279012 0.439931 0.0753086 0.0618056 
16 0.435802 0.440278 0.124074 0.05625 
16 0.33642 0.380208 0.137037 0.0354167 
16 0.0962963 0.35 0.115432 0.0375 
16 0.161728 0.380556 0.108025 0.0361111 
16 0.195062 0.315972 0.12963 0.0256944 
16 0.597531 0.404167 0.137037 0.0635417 
16 0.123457 0.266667 0.101852 0.0392361 
16 0.232099 0.245833 0.128395 0.0336806 
16 0.351235 0.273264 0.12963 0.0472222 
16 0.554321 0.262847 0.127778 0.04375 
16 0.162963 0.195833 0.0987654 0.0336806 
16 0.232099 0.171528 0.117284 0.0430556 
16 0.365432 0.179167 0.132716 0.0548611 
16 0.298765 0.0909722 0.12284 0.040625 
16 0.420988 0.101389 0.12963 0.0454861 
