16 0.0790432 0.226729 0.100884 0.0364015 
16 0.160166 0.351534 0.119605 0.048882 
16 0.116485 0.291212 0.109204 0.0405616 
16 0.141446 0.106084 0.0925637 0.0405616 
16 0.183047 0.141446 0.0925637 0.0468019 
16 0.303692 0.443058 0.138326 0.0530421 
16 0.230889 0.228809 0.111284 0.0530421 
16 0.326573 0.328653 0.142486 0.0572023 
16 0.368175 0.210088 0.150806 0.0530421 
16 0.318253 0.141446 0.130005 0.0468019 
16 0.274571 0.0915237 0.0863235 0.0530421 
16 0.384815 0.0707228 0.117525 0.050962 
16 0.5013 0.391056 0.136245 0.0468019 
16 0.524181 0.25377 0.150806 0.0551222 
16 0.530421 0.135205 0.111284 0.0572023 
