16 0.438898 0.38837 0.0624025 0.0758048 
16 0.439938 0.231568 0.0582423 0.124611 
16 0.380655 0.331256 0.0364015 0.137072 
16 0.349454 0.571132 0.0384815 0.115265 
16 0.380655 0.505711 0.0364015 0.107996 
16 0.316173 0.471443 0.026001 0.129803 
16 0.403536 0.0716511 0.0634425 0.137072 
16 0.266251 0.544133 0.0395216 0.101765 
16 0.24545 0.435099 0.0343214 0.128764 
16 0.272491 0.317757 0.0478419 0.129803 
16 0.263131 0.114226 0.0457618 0.127726 
16 0.195528 0.504673 0.0343214 0.09865 
16 0.171607 0.436137 0.0436817 0.117342 
16 0.178887 0.303219 0.0551222 0.132918 
16 0.0915237 0.36864 0.0416017 0.122534 
16 0.100884 0.247144 0.0457618 0.129803 
