16 0.608515 0.443058 0.117342 0.0364015 
16 0.556594 0.401456 0.110073 0.0426417 
16 0.521288 0.341134 0.110073 0.0384815 
16 0.504673 0.289132 0.104881 0.0364015 
16 0.411215 0.266251 0.0820353 0.0613625 
16 0.356179 0.170567 0.11215 0.0655226 
16 0.35514 0.295372 0.125649 0.023921 
16 0.214953 0.351534 0.145379 0.0634425 
16 0.43406 0.436817 0.100727 0.0384815 
16 0.346833 0.447218 0.133956 0.050962 
16 0.508827 0.49922 0.111111 0.0405616 
16 0.539979 0.551222 0.104881 0.0343214 
16 0.444444 0.555382 0.113188 0.0405616 
16 0.327103 0.549142 0.0955348 0.0447218 
16 0.283489 0.563703 0.124611 0.0447218 
16 0.226376 0.49714 0.127726 0.048882 
