16 0.38837 0.228809 0.0758048 0.0613625 
16 0.231568 0.228809 0.124611 0.0572023 
16 0.331256 0.287051 0.137072 0.0364015 
16 0.571132 0.316173 0.115265 0.0384815 
16 0.505711 0.287051 0.107996 0.0364015 
16 0.471443 0.351534 0.129803 0.026001 
16 0.0716511 0.264171 0.137072 0.0655226 
16 0.544133 0.401456 0.101765 0.0405616 
16 0.435099 0.420177 0.128764 0.0343214 
16 0.317757 0.395216 0.129803 0.048882 
16 0.114226 0.405616 0.127726 0.0447218 
16 0.504673 0.470099 0.09865 0.0343214 
16 0.436137 0.49506 0.117342 0.0426417 
16 0.303219 0.48882 0.132918 0.0551222 
16 0.36864 0.576183 0.122534 0.0405616 
16 0.247144 0.565783 0.129803 0.0468019 
