16 0.413818 0.30871 0.0690922 0.0690922 
16 0.335171 0.229327 0.0904079 0.0904079 
16 0.355752 0.30871 0.0867328 0.0859978 
16 0.46086 0.443954 0.0764425 0.0771775 
16 0.443219 0.396178 0.0720323 0.0720323 
16 0.393973 0.411613 0.0779125 0.0779125 
16 0.238148 0.167585 0.100698 0.100698 
16 0.405733 0.47262 0.0698273 0.0705623 
16 0.341051 0.427784 0.0815877 0.0815877 
16 0.29548 0.355752 0.0889379 0.0882029 
16 0.188166 0.258728 0.0859978 0.0859978 
16 0.350606 0.487321 0.0661522 0.0661522 
16 0.3043 0.466005 0.0801176 0.0801176 
16 0.241088 0.395443 0.0940831 0.093348 
16 0.230798 0.471885 0.0815877 0.0823227 
16 0.174936 0.407203 0.0874678 0.0874678 
