16 0.278731 0.438898 0.075923 0.0634425 
16 0.436817 0.440978 0.123765 0.0572023 
16 0.336973 0.380655 0.136245 0.0364015 
16 0.0956838 0.349454 0.115445 0.0384815 
16 0.162246 0.380655 0.107124 0.0364015 
16 0.195528 0.316173 0.130005 0.026001 
16 0.596984 0.403536 0.136245 0.0634425 
16 0.122725 0.266251 0.100884 0.0384815 
16 0.232969 0.24545 0.127925 0.0343214 
16 0.349454 0.272491 0.130005 0.0468019 
16 0.553302 0.264171 0.127925 0.0447218 
16 0.164327 0.195528 0.0988039 0.0343214 
16 0.230889 0.172647 0.117525 0.0447218 
16 0.364015 0.178887 0.134165 0.0551222 
16 0.299532 0.0915237 0.123765 0.0426417 
16 0.420177 0.101924 0.130005 0.0447218 
