16 0.514517 0.260198 0.0683572 0.0683572 
16 0.411613 0.238148 0.0830577 0.0823227 
16 0.463065 0.246968 0.0749724 0.0749724 
16 0.543918 0.351341 0.0654171 0.0654171 
16 0.504226 0.354282 0.0690922 0.0683572 
16 0.29401 0.264609 0.0948181 0.0955531 
16 0.438074 0.334436 0.0823227 0.0823227 
16 0.340316 0.332966 0.0984932 0.0984932 
16 0.377802 0.413083 0.101433 0.101433 
16 0.437339 0.421904 0.0867328 0.0867328 
16 0.485116 0.424844 0.0698273 0.0698273 
16 0.438809 0.490996 0.0837927 0.0845278 
16 0.221977 0.388093 0.0904079 0.0904079 
16 0.277839 0.468945 0.102168 0.102168 
16 0.335171 0.531422 0.0830577 0.0837927 
