16 0.250643 0.142595 0.0764425 0.0757075 
16 0.255788 0.188166 0.0757075 0.0749724 
16 0.244028 0.235943 0.0742374 0.0749724 
16 0.226387 0.270489 0.0705623 0.0698273 
16 0.260933 0.328556 0.0720323 0.0720323 
16 0.240353 0.404263 0.0882029 0.0889379 
16 0.303565 0.342521 0.0749724 0.0749724 
16 0.402793 0.383682 0.103638 0.103638 
16 0.335171 0.231533 0.0690922 0.0690922 
16 0.384417 0.270489 0.091143 0.091143 
16 0.328556 0.163175 0.0749724 0.0749724 
16 0.339581 0.121279 0.0683572 0.0690922 
16 0.389563 0.167585 0.0764425 0.0771775 
16 0.443954 0.229327 0.0698273 0.0698273 
16 0.473355 0.244028 0.0837927 0.0837927 
16 0.46821 0.30577 0.0882029 0.0874678 
