16 0.443058 0.0602285 0.0364015 0.117342 
16 0.401456 0.111111 0.0426417 0.110073 
16 0.341134 0.146417 0.0384815 0.110073 
16 0.289132 0.164071 0.0364015 0.104881 
16 0.266251 0.255452 0.0613625 0.0820353 
16 0.170567 0.311526 0.0655226 0.11215 
16 0.295372 0.313603 0.023921 0.125649 
16 0.351534 0.452752 0.0634425 0.145379 
16 0.436817 0.232606 0.0384815 0.100727 
16 0.447218 0.321911 0.050962 0.133956 
16 0.49922 0.15784 0.0405616 0.111111 
16 0.551222 0.126687 0.0343214 0.104881 
16 0.555382 0.224299 0.0405616 0.113188 
16 0.549142 0.340602 0.0447218 0.0955348 
16 0.563703 0.384216 0.0447218 0.124611 
16 0.49714 0.440291 0.048882 0.127726 
