16 0.586583 0.440978 0.100884 0.0364015 
16 0.50754 0.316173 0.117525 0.0468019 
16 0.549142 0.376495 0.109204 0.0405616 
16 0.526261 0.561622 0.0904836 0.0384815 
16 0.482579 0.526261 0.0925637 0.0447218 
16 0.361934 0.224649 0.138326 0.0530421 
16 0.438898 0.438898 0.111284 0.0551222 
16 0.341134 0.339054 0.142486 0.0551222 
16 0.297452 0.457618 0.150806 0.0530421 
16 0.349454 0.526261 0.127925 0.0447218 
16 0.393136 0.576183 0.0863235 0.0551222 
16 0.280811 0.594904 0.117525 0.050962 
16 0.166407 0.276651 0.134165 0.0447218 
16 0.143526 0.413937 0.148726 0.0551222 
16 0.137285 0.534581 0.109204 0.0572023 
