16 0.30871 0.253583 0.0690922 0.0690922 
16 0.229327 0.332231 0.0904079 0.0904079 
16 0.30871 0.31165 0.0859978 0.0867328 
16 0.443954 0.206542 0.0771775 0.0764425 
16 0.396178 0.224182 0.0720323 0.0720323 
16 0.411613 0.273429 0.0779125 0.0779125 
16 0.167585 0.429254 0.100698 0.100698 
16 0.47262 0.261669 0.0705623 0.0698273 
16 0.427784 0.326351 0.0815877 0.0815877 
16 0.355752 0.371922 0.0882029 0.0889379 
16 0.258728 0.479236 0.0859978 0.0859978 
16 0.487321 0.316795 0.0661522 0.0661522 
16 0.466005 0.363102 0.0801176 0.0801176 
16 0.395443 0.426314 0.093348 0.0940831 
16 0.471885 0.436604 0.0823227 0.0815877 
16 0.407203 0.492466 0.0874678 0.0874678 
