16 0.407203 0.514517 0.0683572 0.0683572 
16 0.429254 0.411613 0.0823227 0.0830577 
16 0.420434 0.463065 0.0749724 0.0749724 
16 0.31606 0.543918 0.0654171 0.0654171 
16 0.31312 0.504226 0.0683572 0.0690922 
16 0.402793 0.29401 0.0955531 0.0948181 
16 0.332966 0.438074 0.0823227 0.0823227 
16 0.334436 0.340316 0.0984932 0.0984932 
16 0.254318 0.377802 0.101433 0.101433 
16 0.245498 0.437339 0.0867328 0.0867328 
16 0.242558 0.485116 0.0698273 0.0698273 
16 0.176406 0.438809 0.0845278 0.0837927 
16 0.279309 0.221977 0.0904079 0.0904079 
16 0.198456 0.277839 0.102168 0.102168 
16 0.135979 0.335171 0.0837927 0.0830577 
