16 0.226729 0.587747 0.0364015 0.100727 
16 0.350494 0.507788 0.0478419 0.11838 
16 0.291212 0.550363 0.0405616 0.109034 
16 0.105044 0.525441 0.0395216 0.0913811 
16 0.141446 0.483904 0.0457618 0.0924195 
16 0.443058 0.363448 0.0530421 0.13811 
16 0.227769 0.438214 0.0540822 0.111111 
16 0.327613 0.340602 0.0561622 0.142264 
16 0.210088 0.299065 0.0530421 0.150571 
16 0.141446 0.34891 0.0457618 0.128764 
16 0.0904836 0.392523 0.0540822 0.086189 
16 0.0707228 0.282451 0.050962 0.117342 
16 0.391056 0.167186 0.0468019 0.134995 
16 0.25377 0.143302 0.0561622 0.149533 
16 0.133125 0.13811 0.0572023 0.110073 
