16 0.524807 0.250643 0.0757075 0.0764425 
16 0.479236 0.255788 0.0749724 0.0757075 
16 0.431459 0.244028 0.0749724 0.0742374 
16 0.396913 0.226387 0.0698273 0.0705623 
16 0.338846 0.260933 0.0720323 0.0720323 
16 0.263139 0.240353 0.0889379 0.0882029 
16 0.324881 0.303565 0.0749724 0.0749724 
16 0.283719 0.402793 0.103638 0.103638 
16 0.435869 0.335171 0.0690922 0.0690922 
16 0.396913 0.384417 0.091143 0.091143 
16 0.504226 0.328556 0.0749724 0.0749724 
16 0.546123 0.339581 0.0690922 0.0683572 
16 0.499816 0.389563 0.0771775 0.0764425 
16 0.438074 0.443954 0.0698273 0.0698273 
16 0.423374 0.473355 0.0837927 0.0837927 
16 0.361632 0.46821 0.0874678 0.0882029 
