16 0.0582423 0.224649 0.117525 0.0343214 
16 0.110244 0.266251 0.109204 0.0405616 
16 0.145606 0.326573 0.109204 0.0405616 
16 0.162246 0.378575 0.105044 0.0364015 
16 0.25585 0.401456 0.0821633 0.0634425 
16 0.312012 0.49922 0.111284 0.0655226 
16 0.312012 0.372335 0.125845 0.026001 
16 0.453458 0.316173 0.144566 0.0613625 
16 0.232969 0.228809 0.100884 0.0384815 
16 0.320333 0.220489 0.134165 0.048882 
16 0.158086 0.168487 0.111284 0.0384815 
16 0.126885 0.116485 0.105044 0.0322413 
16 0.222569 0.112324 0.113365 0.0405616 
16 0.341134 0.120645 0.0946438 0.0447218 
16 0.384815 0.104004 0.123765 0.0426417 
16 0.440978 0.172647 0.127925 0.048882 
