16 0.11358 0.331597 0.105556 0.0430556 
16 0.162346 0.379167 0.108642 0.0378472 
16 0.258025 0.402778 0.0858025 0.0628472 
16 0.41358 0.452083 0.131481 0.0736111 
16 0.418519 0.366667 0.130247 0.0538194 
16 0.22284 0.311111 0.107407 0.034375 
16 0.150617 0.253472 0.101852 0.0392361 
16 0.247531 0.217708 0.117284 0.0368056 
16 0.190123 0.18125 0.106173 0.0378472 
16 0.27716 0.142361 0.124691 0.0486111 
16 0.36358 0.145486 0.109877 0.0423611 
16 0.345679 0.278819 0.0932099 0.0847222 
16 0.454321 0.308333 0.124691 0.0878472 
16 0.402469 0.2125 0.146296 0.0493056 
16 0.541975 0.215278 0.103086 0.0920139 
16 0.495679 0.130556 0.130864 0.0767361 
