16 0.211111 0.380208 0.0783951 0.0465278 
16 0.296914 0.426389 0.082716 0.0711806 
16 0.397531 0.453472 0.104321 0.0565972 
16 0.221605 0.30625 0.0938272 0.0427083 
16 0.328395 0.321528 0.0685185 0.0753472 
16 0.445679 0.3625 0.133951 0.0770833 
16 0.559877 0.278472 0.141975 0.084375 
16 0.396296 0.256597 0.0783951 0.104861 
16 0.47284 0.236111 0.0993827 0.084375 
16 0.220988 0.240625 0.0932099 0.0430556 
16 0.219136 0.200347 0.0864198 0.0472222 
16 0.251852 0.159375 0.0672839 0.0597222 
16 0.32963 0.137153 0.106173 0.0444444 
16 0.41358 0.147917 0.0734568 0.0760417 
16 0.485185 0.0881944 0.124074 0.0552083 
16 0.572222 0.142361 0.145679 0.0517361 
