16 0.15 0.339583 0.0851852 0.0586806 
16 0.138272 0.290972 0.0888889 0.0493056 
16 0.121605 0.253472 0.0617284 0.0534722 
16 0.238272 0.43125 0.0962963 0.0753472 
16 0.2 0.352083 0.104321 0.0413194 
16 0.262963 0.39375 0.10679 0.0690972 
16 0.22284 0.305208 0.082716 0.0673611 
16 0.325926 0.367014 0.0820988 0.0854167 
16 0.265432 0.282639 0.101852 0.0722222 
16 0.516049 0.403472 0.151235 0.0597222 
16 0.414198 0.324306 0.138272 0.0545139 
16 0.353086 0.263194 0.125926 0.0677083 
16 0.477778 0.288194 0.126543 0.0649306 
16 0.479012 0.203819 0.0993827 0.102778 
16 0.253704 0.210069 0.104938 0.0430556 
16 0.337037 0.165278 0.121605 0.0506944 
