16 0.108642 0.266667 0.115432 0.0305556 
16 0.118519 0.331944 0.112963 0.03125 
16 0.182716 0.389236 0.126543 0.0409722 
16 0.142593 0.44375 0.108642 0.0336806 
16 0.281481 0.428472 0.133951 0.0395833 
16 0.381481 0.394792 0.139506 0.0347222 
16 0.191358 0.296528 0.122222 0.0399306 
16 0.165432 0.211806 0.119136 0.0447917 
16 0.198765 0.159722 0.110494 0.0413194 
16 0.261111 0.193403 0.119753 0.0416667 
16 0.334568 0.298611 0.160494 0.0510417 
16 0.376543 0.209028 0.131481 0.0538194 
16 0.498765 0.269444 0.124074 0.0635417 
16 0.483951 0.361111 0.129012 0.0548611 
16 0.326543 0.107639 0.128395 0.0520833 
16 0.531481 0.152431 0.119753 0.06875 
