16 0.339054 0.517134 0.0592824 0.0851506 
16 0.290172 0.528557 0.049922 0.0893043 
16 0.25273 0.545171 0.0540822 0.0623053 
16 0.430577 0.429907 0.075923 0.0965732 
16 0.351534 0.46729 0.0416017 0.104881 
16 0.393136 0.404984 0.0696828 0.106957 
16 0.303692 0.444444 0.0676027 0.0830737 
16 0.366095 0.342679 0.0863235 0.0820353 
16 0.281851 0.401869 0.0728029 0.101765 
16 0.403536 0.15161 0.0613625 0.15161 
16 0.324493 0.253375 0.0551222 0.13811 
16 0.263131 0.31568 0.0686427 0.125649 
16 0.288092 0.190031 0.0665627 0.126687 
16 0.203848 0.188993 0.102964 0.0996885 
16 0.210088 0.413292 0.0436817 0.104881 
16 0.164327 0.330218 0.050962 0.121495 
