16 0.224917 0.221977 0.0742374 0.0742374 
16 0.225652 0.270489 0.0735024 0.0735024 
16 0.261669 0.330026 0.0742374 0.0749724 
16 0.31459 0.432194 0.102903 0.102168 
16 0.358692 0.391768 0.091878 0.092613 
16 0.289599 0.267549 0.0712973 0.0712973 
16 0.282249 0.201397 0.0705623 0.0698273 
16 0.348401 0.232268 0.0771775 0.0771775 
16 0.337376 0.185961 0.0720323 0.0720323 
16 0.401323 0.210217 0.0859978 0.0859978 
16 0.442484 0.254318 0.0764425 0.0764425 
16 0.366042 0.31165 0.0889379 0.0889379 
16 0.405733 0.380742 0.106578 0.106578 
16 0.428519 0.30724 0.0984932 0.0977582 
16 0.496876 0.377802 0.0977582 0.0970231 
16 0.515987 0.31312 0.103638 0.103638 
