16 0.553302 0.336973 0.105044 0.0447218 
16 0.50546 0.289132 0.109204 0.0384815 
16 0.409776 0.264171 0.0863235 0.0634425 
16 0.25585 0.216329 0.132085 0.073843 
16 0.24961 0.301612 0.130005 0.0530421 
16 0.445138 0.355694 0.107124 0.0343214 
16 0.517941 0.413937 0.102964 0.0384815 
16 0.420177 0.449298 0.117525 0.0384815 
16 0.478419 0.484659 0.107124 0.0384815 
16 0.391056 0.526261 0.123765 0.048882 
16 0.303692 0.522101 0.109204 0.0426417 
16 0.322413 0.388976 0.0925637 0.0863235 
16 0.214249 0.357774 0.123765 0.0884035 
16 0.264171 0.455538 0.146646 0.048882 
16 0.126885 0.451378 0.102964 0.0925637 
16 0.172647 0.536661 0.132085 0.075923 
