16 0.413083 0.479971 0.0727674 0.0735024 
16 0.440279 0.442484 0.0720323 0.0727674 
16 0.437339 0.381477 0.0837927 0.0837927 
16 0.484381 0.374862 0.0720323 0.0712973 
16 0.407203 0.312385 0.0867328 0.0867328 
16 0.340316 0.279309 0.0867328 0.0874678 
16 0.385888 0.423374 0.0808526 0.0808526 
16 0.356487 0.479236 0.0823227 0.0823227 
16 0.313855 0.488056 0.0764425 0.0757075 
16 0.29989 0.440279 0.0808526 0.0808526 
16 0.31606 0.350606 0.106578 0.105843 
16 0.249908 0.374862 0.093348 0.093348 
16 0.219037 0.283719 0.0948181 0.0948181 
16 0.272694 0.245498 0.091143 0.091878 
16 0.224917 0.449835 0.091143 0.0904079 
16 0.1448 0.326351 0.0940831 0.0948181 
