16 0.401456 0.107996 0.0322413 0.115265 
16 0.336973 0.11838 0.0322413 0.113188 
16 0.278731 0.182762 0.0405616 0.126687 
16 0.222569 0.143302 0.0343214 0.109034 
16 0.23921 0.282451 0.0405616 0.133956 
16 0.272491 0.381101 0.0343214 0.139148 
16 0.372335 0.192108 0.0405616 0.122534 
16 0.455538 0.166147 0.0468019 0.119418 
16 0.50754 0.199377 0.0426417 0.111111 
16 0.474259 0.261682 0.0426417 0.119418 
16 0.368175 0.334372 0.050962 0.160955 
16 0.457618 0.375909 0.0551222 0.13188 
16 0.397296 0.498442 0.0634425 0.124611 
16 0.306812 0.482866 0.0561622 0.128764 
16 0.559542 0.326064 0.0530421 0.128764 
16 0.515861 0.529595 0.0696828 0.119418 
