16 0.517134 0.328653 0.0851506 0.0592824 
16 0.528557 0.376495 0.0893043 0.050962 
16 0.545171 0.413937 0.0623053 0.0551222 
16 0.429907 0.235049 0.0965732 0.075923 
16 0.46729 0.316173 0.104881 0.0405616 
16 0.404984 0.274571 0.106957 0.0696828 
16 0.444444 0.361934 0.0830737 0.0676027 
16 0.342679 0.301612 0.0820353 0.0863235 
16 0.401869 0.384815 0.101765 0.0717629 
16 0.15161 0.264171 0.15161 0.0592824 
16 0.253375 0.343214 0.13811 0.0551222 
16 0.31568 0.403536 0.125649 0.0676027 
16 0.190031 0.380655 0.126687 0.0655226 
16 0.188993 0.463859 0.0996885 0.102964 
16 0.413292 0.457618 0.104881 0.0447218 
16 0.330218 0.5013 0.121495 0.050962 
