16 0.417494 0.371922 0.062477 0.062477 
16 0.398383 0.30577 0.0771775 0.0771775 
16 0.361632 0.242558 0.0808526 0.0801176 
16 0.376332 0.403528 0.0683572 0.0690922 
16 0.330026 0.342521 0.0720323 0.0720323 
16 0.29254 0.263139 0.105843 0.105108 
16 0.194046 0.248438 0.113929 0.113929 
16 0.263874 0.341051 0.091143 0.091878 
16 0.216097 0.31312 0.092613 0.091878 
16 0.343991 0.436604 0.0683572 0.0676222 
16 0.324881 0.458655 0.0668872 0.0668872 
16 0.288129 0.461595 0.0639471 0.0639471 
16 0.238148 0.434399 0.0757075 0.0749724 
16 0.200662 0.386623 0.0749724 0.0749724 
16 0.136714 0.380742 0.0904079 0.0904079 
16 0.119074 0.310915 0.0984932 0.0984932 
