16 0.427784 0.422639 0.0720323 0.0720323 
16 0.409408 0.452775 0.0690922 0.0690922 
16 0.399118 0.479236 0.0573319 0.0580669 
16 0.430724 0.332231 0.0859978 0.0859978 
16 0.409408 0.391033 0.0735024 0.0735024 
16 0.399118 0.338846 0.0882029 0.0882029 
16 0.374862 0.403528 0.0757075 0.0749724 
16 0.354282 0.321205 0.0837927 0.0837927 
16 0.342521 0.393973 0.0874678 0.0874678 
16 0.277104 0.208012 0.105843 0.105843 
16 0.289599 0.29842 0.0962881 0.0962881 
16 0.289599 0.359427 0.0962881 0.0970231 
16 0.238883 0.284454 0.0955531 0.0955531 
16 0.196251 0.326351 0.101433 0.100698 
16 0.31165 0.435134 0.0742374 0.0742374 
16 0.248438 0.416024 0.0859978 0.0859978 
