16 0.378575 0.456905 0.0468019 0.07892 
16 0.426417 0.370716 0.0717629 0.0830737 
16 0.453458 0.26999 0.0572023 0.104881 
16 0.305772 0.446521 0.0436817 0.0944964 
16 0.320333 0.339564 0.075923 0.0685358 
16 0.362975 0.222222 0.0790432 0.133956 
16 0.278731 0.107996 0.0852834 0.142264 
16 0.25585 0.271028 0.105044 0.07892 
16 0.237129 0.196262 0.0863235 0.0996885 
16 0.24025 0.446521 0.0436817 0.0934579 
16 0.199688 0.448598 0.0478419 0.086189 
16 0.159126 0.415369 0.0603224 0.0674974 
16 0.137285 0.338525 0.0447218 0.105919 
16 0.147686 0.253375 0.0769631 0.0737279 
16 0.0884035 0.183801 0.0561622 0.124611 
16 0.141446 0.0965732 0.0520021 0.145379 
