16 0.29548 0.417494 0.062477 0.062477 
16 0.361632 0.398383 0.0771775 0.0771775 
16 0.424844 0.361632 0.0801176 0.0808526 
16 0.263874 0.376332 0.0690922 0.0683572 
16 0.324881 0.330026 0.0720323 0.0720323 
16 0.404263 0.29254 0.105108 0.105843 
16 0.418964 0.194046 0.113929 0.113929 
16 0.326351 0.263874 0.091878 0.091143 
16 0.354282 0.216097 0.091878 0.092613 
16 0.230798 0.343991 0.0676222 0.0683572 
16 0.208747 0.324881 0.0668872 0.0668872 
16 0.205807 0.288129 0.0639471 0.0639471 
16 0.233003 0.238148 0.0749724 0.0757075 
16 0.280779 0.200662 0.0749724 0.0749724 
16 0.286659 0.136714 0.0904079 0.0904079 
16 0.356487 0.119074 0.0984932 0.0984932 
