16 0.221977 0.442484 0.0742374 0.0742374 
16 0.270489 0.441749 0.0735024 0.0735024 
16 0.330026 0.405733 0.0749724 0.0742374 
16 0.432194 0.352811 0.102168 0.102903 
16 0.391768 0.30871 0.092613 0.091878 
16 0.267549 0.377802 0.0712973 0.0712973 
16 0.201397 0.385152 0.0698273 0.0705623 
16 0.232268 0.319 0.0771775 0.0771775 
16 0.185961 0.330026 0.0720323 0.0720323 
16 0.210217 0.266079 0.0859978 0.0859978 
16 0.254318 0.224917 0.0764425 0.0764425 
16 0.31165 0.30136 0.0889379 0.0889379 
16 0.380742 0.261669 0.106578 0.106578 
16 0.30724 0.238883 0.0977582 0.0984932 
16 0.377802 0.170526 0.0970231 0.0977582 
16 0.31312 0.151415 0.103638 0.103638 
