16 0.187431 0.413083 0.0735024 0.0727674 
16 0.224917 0.440279 0.0727674 0.0720323 
16 0.285924 0.437339 0.0837927 0.0837927 
16 0.29254 0.484381 0.0712973 0.0720323 
16 0.355017 0.407203 0.0867328 0.0867328 
16 0.388093 0.340316 0.0874678 0.0867328 
16 0.244028 0.385888 0.0808526 0.0808526 
16 0.188166 0.356487 0.0823227 0.0823227 
16 0.179346 0.313855 0.0757075 0.0764425 
16 0.227122 0.29989 0.0808526 0.0808526 
16 0.316795 0.31606 0.105843 0.106578 
16 0.29254 0.249908 0.093348 0.093348 
16 0.383682 0.219037 0.0948181 0.0948181 
16 0.421904 0.272694 0.091878 0.091143 
16 0.217567 0.224917 0.0904079 0.091143 
16 0.341051 0.1448 0.0948181 0.0940831 
