16 0.114405 0.330733 0.107124 0.0426417 
16 0.162246 0.378575 0.109204 0.0384815 
16 0.25793 0.401456 0.0863235 0.0634425 
16 0.413937 0.451378 0.132085 0.073843 
16 0.418097 0.366095 0.132085 0.0551222 
16 0.222569 0.312012 0.109204 0.0364015 
16 0.149766 0.25377 0.100884 0.0405616 
16 0.24753 0.218409 0.117525 0.0364015 
16 0.189288 0.180967 0.105044 0.0384815 
16 0.276651 0.143526 0.125845 0.048882 
16 0.364015 0.145606 0.111284 0.0426417 
16 0.345294 0.278731 0.0946438 0.0842434 
16 0.453458 0.307852 0.125845 0.0884035 
16 0.401456 0.212168 0.146646 0.050962 
16 0.540822 0.214249 0.102964 0.0925637 
16 0.49506 0.131045 0.130005 0.0780031 
