16 0.108164 0.266251 0.115445 0.0301612 
16 0.118565 0.332813 0.113365 0.0322413 
16 0.183047 0.388976 0.127925 0.0426417 
16 0.141446 0.443058 0.109204 0.0343214 
16 0.280811 0.428497 0.134165 0.0405616 
16 0.380655 0.395216 0.138326 0.0364015 
16 0.191368 0.297452 0.121685 0.0405616 
16 0.166407 0.212168 0.119605 0.0447218 
16 0.199688 0.160166 0.111284 0.0405616 
16 0.26209 0.193448 0.119605 0.0426417 
16 0.334893 0.299532 0.161206 0.0530421 
16 0.376495 0.210088 0.132085 0.0530421 
16 0.49922 0.270411 0.123765 0.0655226 
16 0.482579 0.359854 0.130005 0.0551222 
16 0.326573 0.108164 0.127925 0.0530421 
16 0.530421 0.153926 0.119605 0.0696828 
