16 0.422639 0.239618 0.0720323 0.0720323 
16 0.452775 0.257993 0.0690922 0.0690922 
16 0.479236 0.268284 0.0580669 0.0573319 
16 0.332231 0.236678 0.0859978 0.0859978 
16 0.391033 0.257993 0.0735024 0.0735024 
16 0.338846 0.268284 0.0882029 0.0882029 
16 0.403528 0.29254 0.0749724 0.0757075 
16 0.321205 0.31312 0.0837927 0.0837927 
16 0.393973 0.324881 0.0874678 0.0874678 
16 0.208012 0.390298 0.105843 0.105843 
16 0.29842 0.377802 0.0962881 0.0962881 
16 0.359427 0.377802 0.0970231 0.0962881 
16 0.284454 0.428519 0.0955531 0.0955531 
16 0.326351 0.47115 0.100698 0.101433 
16 0.435134 0.355752 0.0742374 0.0742374 
16 0.416024 0.418964 0.0859978 0.0859978 
