16 0.457618 0.287051 0.0780031 0.0468019 
16 0.370255 0.24129 0.0842434 0.0717629 
16 0.270411 0.214249 0.105044 0.0572023 
16 0.447218 0.361934 0.0946438 0.0447218 
16 0.339054 0.345294 0.0676027 0.075923 
16 0.222569 0.305772 0.134165 0.0780031 
16 0.108164 0.388976 0.142486 0.0863235 
16 0.270411 0.409776 0.0800832 0.105044 
16 0.195528 0.430577 0.100884 0.0842434 
16 0.447218 0.426417 0.0946438 0.0426417 
16 0.449298 0.468019 0.0863235 0.048882 
16 0.416017 0.50754 0.0676027 0.0592824 
16 0.339054 0.530421 0.107124 0.0447218 
16 0.25377 0.520021 0.073843 0.0780031 
16 0.183047 0.578263 0.125845 0.0551222 
16 0.0956838 0.526261 0.146646 0.0530421 
