16 0.330733 0.553479 0.0436817 0.105919 
16 0.378575 0.504673 0.0384815 0.109034 
16 0.401456 0.409138 0.0634425 0.086189 
16 0.451378 0.255452 0.073843 0.13188 
16 0.366095 0.25026 0.0540822 0.130841 
16 0.310972 0.444444 0.0353614 0.107996 
16 0.25273 0.517134 0.0395216 0.101765 
16 0.217369 0.419522 0.0374415 0.117342 
16 0.180967 0.477674 0.0384815 0.105919 
16 0.141446 0.390447 0.048882 0.124611 
16 0.145606 0.304258 0.0426417 0.110073 
16 0.278731 0.322949 0.0852834 0.0934579 
16 0.307852 0.213915 0.0884035 0.124611 
16 0.212168 0.265836 0.049922 0.146417 
16 0.214249 0.126687 0.0925637 0.102804 
16 0.130005 0.172378 0.0769631 0.130841 
