16 0.149766 0.339054 0.0842434 0.0592824 
16 0.139366 0.291212 0.0904836 0.048882 
16 0.122725 0.25377 0.0613625 0.0530421 
16 0.237129 0.430577 0.0967239 0.075923 
16 0.199688 0.351534 0.105044 0.0426417 
16 0.264171 0.395216 0.107124 0.0696828 
16 0.222569 0.303692 0.0842434 0.0676027 
16 0.326573 0.368175 0.0821633 0.0863235 
16 0.266251 0.282891 0.102964 0.073843 
16 0.515861 0.403536 0.150806 0.0613625 
16 0.413937 0.324493 0.138326 0.0551222 
16 0.351534 0.264171 0.125845 0.0696828 
16 0.478419 0.289132 0.127925 0.0655226 
16 0.478419 0.203848 0.100884 0.102964 
16 0.25377 0.210088 0.105044 0.0426417 
16 0.336973 0.164327 0.121685 0.050962 
