16 0.210088 0.378575 0.0800832 0.0468019 
16 0.297452 0.426417 0.0821633 0.0717629 
16 0.397296 0.453458 0.105044 0.0572023 
16 0.222569 0.305772 0.0946438 0.0426417 
16 0.328653 0.320333 0.0696828 0.075923 
16 0.445138 0.364015 0.134165 0.0780031 
16 0.559542 0.278731 0.142486 0.0842434 
16 0.397296 0.25585 0.0780031 0.105044 
16 0.472179 0.237129 0.0988039 0.0863235 
16 0.220489 0.24129 0.0925637 0.0447218 
16 0.218409 0.199688 0.0863235 0.0468019 
16 0.25169 0.160166 0.0676027 0.0613625 
16 0.328653 0.137285 0.105044 0.0447218 
16 0.413937 0.147686 0.073843 0.075923 
16 0.484659 0.0894436 0.123765 0.0572023 
16 0.572023 0.141446 0.144566 0.050962 
