16 0.558671 0.401456 0.115265 0.0322413 
16 0.548287 0.336973 0.113188 0.0322413 
16 0.484943 0.278731 0.126687 0.0405616 
16 0.525441 0.222569 0.109034 0.0343214 
16 0.386293 0.23921 0.133956 0.0405616 
16 0.286604 0.272491 0.139148 0.0343214 
16 0.475597 0.372335 0.122534 0.0405616 
16 0.502596 0.455538 0.119418 0.0468019 
16 0.46729 0.50754 0.111111 0.0426417 
16 0.407061 0.474259 0.119418 0.0426417 
16 0.332295 0.368175 0.160955 0.050962 
16 0.290758 0.457618 0.13188 0.0551222 
16 0.169263 0.397296 0.124611 0.0634425 
16 0.184839 0.305772 0.128764 0.0551222 
16 0.341641 0.559542 0.128764 0.0530421 
16 0.137072 0.515861 0.119418 0.0696828 
