16 0.109877 0.193056 0.112963 0.0329861 
16 0.111111 0.331597 0.104321 0.0416667 
16 0.162346 0.377778 0.108642 0.0381944 
16 0.25679 0.404167 0.0820988 0.0611111 
16 0.340741 0.414931 0.133333 0.0361111 
16 0.222222 0.311111 0.114815 0.0322917 
16 0.150617 0.252778 0.105556 0.0395833 
16 0.246914 0.218056 0.118519 0.0368056 
16 0.309259 0.259722 0.12963 0.0510417 
16 0.45679 0.325694 0.151235 0.0635417 
16 0.404321 0.196528 0.140741 0.0461806 
16 0.53642 0.220139 0.12716 0.0579861 
16 0.217284 0.110069 0.116049 0.0347222 
16 0.280247 0.14375 0.12037 0.0454861 
16 0.366667 0.118056 0.133951 0.0423611 
16 0.454321 0.0680556 0.132099 0.0527778 
