16 0.0950617 0.294444 0.0555556 0.05625 
16 0.150617 0.397222 0.0709877 0.059375 
16 0.195679 0.351389 0.0814815 0.0434028 
16 0.132716 0.286111 0.0864198 0.0461806 
16 0.233333 0.415972 0.0808642 0.0697917 
16 0.306173 0.431944 0.0808642 0.0746528 
16 0.391358 0.463542 0.10679 0.0666667 
16 0.337037 0.368403 0.112963 0.0555556 
16 0.212346 0.292014 0.0919753 0.0597222 
16 0.148148 0.234375 0.0808642 0.0506944 
16 0.171605 0.157639 0.0771605 0.0385417 
16 0.290123 0.202778 0.109259 0.0475694 
16 0.367284 0.279167 0.133333 0.0684028 
16 0.497531 0.241667 0.11358 0.084375 
16 0.388272 0.160417 0.0777778 0.0784722 
16 0.254321 0.116667 0.1 0.0697917 
