16 0.151852 0.438889 0.12284 0.0305556 
16 0.091358 0.376389 0.108642 0.0399306 
16 0.246914 0.5 0.126543 0.0364583 
16 0.334568 0.475 0.132099 0.0350694 
16 0.525926 0.504861 0.132716 0.0652778 
16 0.292593 0.367361 0.11358 0.0579861 
16 0.41358 0.404167 0.141358 0.0597222 
16 0.540741 0.348264 0.138272 0.0604167 
16 0.464198 0.238889 0.133951 0.0538194 
16 0.314198 0.271528 0.128395 0.0423611 
16 0.1 0.307639 0.116049 0.0267361 
16 0.159259 0.254167 0.122222 0.0302083 
16 0.0876543 0.223611 0.114198 0.0329861 
16 0.125926 0.155556 0.122222 0.0329861 
16 0.214815 0.172917 0.125309 0.0378472 
16 0.371605 0.171181 0.137654 0.0534722 
