16 0.192408 0.558671 0.0332813 0.113188 
16 0.330733 0.556594 0.0426417 0.104881 
16 0.376495 0.504673 0.0384815 0.109034 
16 0.403536 0.411215 0.0613625 0.0820353 
16 0.413937 0.326064 0.0364015 0.133956 
16 0.310972 0.444444 0.0332813 0.115265 
16 0.25169 0.516096 0.0405616 0.105919 
16 0.217369 0.420561 0.0374415 0.11838 
16 0.25897 0.359294 0.0520021 0.129803 
16 0.326573 0.211838 0.0655226 0.15161 
16 0.195528 0.263759 0.0468019 0.141225 
16 0.219449 0.132918 0.0582423 0.127726 
16 0.110244 0.450675 0.0353614 0.116303 
16 0.143526 0.387331 0.0457618 0.120457 
16 0.118565 0.301142 0.0426417 0.133956 
16 0.0686427 0.213915 0.0530421 0.13188 
