16 0.151846 0.438898 0.121685 0.0322413 
16 0.0915237 0.376495 0.109204 0.0405616 
16 0.24753 0.49922 0.127925 0.0384815 
16 0.334893 0.474259 0.132085 0.0343214 
16 0.524181 0.50546 0.134165 0.0655226 
16 0.293292 0.366095 0.115445 0.0592824 
16 0.413937 0.403536 0.140406 0.0592824 
16 0.538742 0.349454 0.138326 0.0613625 
16 0.463859 0.23921 0.134165 0.0530421 
16 0.314093 0.270411 0.130005 0.0426417 
16 0.099844 0.307852 0.117525 0.0280811 
16 0.160166 0.25377 0.123765 0.0301612 
16 0.0873635 0.224649 0.113365 0.0322413 
16 0.126885 0.156006 0.123765 0.0322413 
16 0.214249 0.172647 0.125845 0.0384815 
16 0.370255 0.170567 0.138326 0.0551222 
