16 0.515987 0.291804 0.0727674 0.0735024 
16 0.446159 0.223447 0.0735024 0.0735024 
16 0.397648 0.226387 0.0735024 0.0735024 
16 0.338111 0.260198 0.0712973 0.0712973 
16 0.289599 0.29695 0.0852628 0.0852628 
16 0.400588 0.289599 0.0735024 0.0742374 
16 0.466005 0.282984 0.0727674 0.0735024 
16 0.435134 0.348401 0.0779125 0.0779125 
16 0.383682 0.358692 0.0904079 0.0904079 
16 0.276369 0.398383 0.108049 0.108049 
16 0.367512 0.437339 0.093348 0.0940831 
16 0.289599 0.491731 0.092613 0.092613 
16 0.504226 0.386623 0.0757075 0.0757075 
16 0.455715 0.401323 0.0830577 0.0830577 
16 0.424844 0.45792 0.0882029 0.0882029 
16 0.406468 0.526277 0.092613 0.091878 
