16 0.437858 0.515057 0.0312012 0.122534 
16 0.376495 0.575286 0.0405616 0.109034 
16 0.49922 0.420561 0.0374415 0.126687 
16 0.474259 0.334372 0.0353614 0.13188 
16 0.50442 0.143302 0.0665627 0.132918 
16 0.366095 0.37487 0.0582423 0.114226 
16 0.403536 0.254413 0.0603224 0.141225 
16 0.348414 0.128764 0.0624025 0.13811 
16 0.23817 0.203531 0.0540822 0.133956 
16 0.270411 0.353063 0.0426417 0.128764 
16 0.306812 0.566978 0.0270411 0.116303 
16 0.25377 0.507788 0.0312012 0.122534 
16 0.223609 0.579439 0.0332813 0.114226 
16 0.154966 0.541018 0.0332813 0.122534 
16 0.172647 0.452752 0.0384815 0.125649 
16 0.170567 0.296989 0.0540822 0.13811 
