16 0.0956838 0.295372 0.0572023 0.0572023 
16 0.149766 0.397296 0.0717629 0.0613625 
16 0.195528 0.351534 0.0821633 0.0447218 
16 0.133125 0.284971 0.0863235 0.0468019 
16 0.232969 0.416017 0.0821633 0.0717629 
16 0.305772 0.432657 0.0821633 0.073843 
16 0.391056 0.463859 0.107124 0.0676027 
16 0.336973 0.368175 0.113365 0.0551222 
16 0.212168 0.291212 0.0925637 0.0592824 
16 0.147686 0.232969 0.0800832 0.050962 
16 0.172647 0.158086 0.0780031 0.0405616 
16 0.289132 0.203848 0.109204 0.048882 
16 0.366095 0.278731 0.134165 0.0676027 
16 0.49714 0.24129 0.113365 0.0842434 
16 0.388976 0.160166 0.0780031 0.0800832 
16 0.25377 0.116485 0.100884 0.0717629 
