16 0.233738 0.194781 0.0565968 0.0558618 
16 0.210217 0.273429 0.0654171 0.0654171 
16 0.255788 0.273429 0.062477 0.062477 
16 0.256523 0.208747 0.0661522 0.0661522 
16 0.241088 0.324881 0.0757075 0.0757075 
16 0.270489 0.368982 0.0779125 0.0771775 
16 0.29695 0.427049 0.0874678 0.0867328 
16 0.31753 0.352811 0.0845278 0.0845278 
16 0.29401 0.251378 0.0764425 0.0757075 
16 0.291069 0.191106 0.0654171 0.0661522 
16 0.341051 0.164645 0.0580669 0.0588019 
16 0.377067 0.246968 0.0779125 0.0786476 
16 0.377802 0.323411 0.100698 0.100698 
16 0.461595 0.368982 0.0999632 0.0992282 
16 0.446895 0.274164 0.0786476 0.0779125 
16 0.402793 0.185961 0.0852628 0.0852628 
