16 0.191106 0.29548 0.0771775 0.0764425 
16 0.191106 0.233738 0.0742374 0.0742374 
16 0.207277 0.373392 0.0815877 0.0815877 
16 0.263139 0.404263 0.0837927 0.0837927 
16 0.343991 0.514517 0.0992282 0.0992282 
16 0.29695 0.329291 0.0859978 0.0859978 
16 0.338111 0.408673 0.100698 0.100698 
16 0.429254 0.443954 0.0999632 0.0999632 
16 0.446159 0.351341 0.0940831 0.093348 
16 0.355017 0.29254 0.0852628 0.0859978 
16 0.230798 0.204337 0.0712973 0.0712973 
16 0.286659 0.207277 0.0764425 0.0771775 
16 0.265344 0.155825 0.0735024 0.0735024 
16 0.319 0.141125 0.0779125 0.0771775 
16 0.355017 0.194046 0.0823227 0.0815877 
16 0.433664 0.271224 0.0955531 0.0955531 
